fairShare 0.916869 0.9668 0.951583
FCFS 0.339172 0.873455 0.8609
greedyYield 0.957646 0.960079 0.944797
greedyCom 0.91916 0.987556 0.971836
Set10Learn 0.929301 0.968423 0.952986
fixedWindow 0.957982 0.960458 0.945175
lookAheadGreedyYield 0.959568 0.964023 0.948708
nextEvLexMin 0.722074 0.955419 0.940801
fairShare 0.929566 0.970541 0.957567
FCFS 0.573707 0.881302 0.869308
greedyYield 0.96407 0.966422 0.953365
greedyCom 0.922884 0.987307 0.974004
Set10Learn 0.896033 0.971382 0.958288
fixedWindow 0.963779 0.966135 0.953092
lookAheadGreedyYield 0.96612 0.969155 0.956061
nextEvLexMin 0.959681 0.96578 0.952748
fairShare 0.940702 0.97034 0.957351
FCFS 0.602531 0.864605 0.852862
greedyYield 0.959969 0.961218 0.948263
greedyCom 0.935086 0.987709 0.974449
Set10Learn 0.895386 0.972136 0.959059
fixedWindow 0.959875 0.961121 0.948179
lookAheadGreedyYield 0.962803 0.965807 0.952809
nextEvLexMin 0.957759 0.96382 0.950858
fairShare 0.93456 0.967516 0.954433
FCFS 0.641311 0.901067 0.889049
greedyYield 0.962036 0.963329 0.950194
greedyCom 0.91229 0.987423 0.974004
Set10Learn 0.942397 0.972582 0.959302
fixedWindow 0.962557 0.96381 0.950684
lookAheadGreedyYield 0.964929 0.967776 0.954607
nextEvLexMin 0.962838 0.967095 0.953954
fairShare 0.923125 0.968551 0.955673
FCFS 0.553127 0.886656 0.874829
greedyYield 0.962979 0.964755 0.951788
greedyCom 0.932188 0.988714 0.975506
Set10Learn 0.911035 0.971613 0.958549
fixedWindow 0.963641 0.965372 0.952409
lookAheadGreedyYield 0.965087 0.967938 0.954927
nextEvLexMin 0.959519 0.964836 0.951887
fairShare 0.908542 0.960235 0.946672
FCFS 0.479081 0.856065 0.843639
greedyYield 0.95464 0.956094 0.942496
greedyCom 0.933213 0.986199 0.972191
Set10Learn 0.901198 0.968424 0.954576
fixedWindow 0.954794 0.956283 0.942692
lookAheadGreedyYield 0.957237 0.959642 0.946004
nextEvLexMin 0.953487 0.956832 0.94323
fairShare 0.928276 0.965757 0.952574
FCFS 0.599259 0.871115 0.859029
greedyYield 0.960779 0.963952 0.950681
greedyCom 0.931733 0.987768 0.974232
Set10Learn 0.936394 0.975846 0.962427
fixedWindow 0.960742 0.963888 0.950633
lookAheadGreedyYield 0.964528 0.968351 0.955011
nextEvLexMin 0.958154 0.964028 0.950773
fairShare 0.942486 0.965657 0.952709
FCFS 0.645775 0.88498 0.873159
greedyYield 0.961577 0.963539 0.9505
greedyCom 0.936135 0.987566 0.9743
Set10Learn 0.924712 0.969557 0.956413
fixedWindow 0.961635 0.96361 0.950583
lookAheadGreedyYield 0.965775 0.968739 0.955665
nextEvLexMin 0.96274 0.966342 0.953286
fairShare 0.928293 0.965822 0.952604
FCFS 0.499189 0.864324 0.852497
greedyYield 0.957356 0.958389 0.945159
greedyCom 0.938101 0.987655 0.974117
Set10Learn 0.919322 0.972218 0.95879
fixedWindow 0.957464 0.958512 0.945287
lookAheadGreedyYield 0.962467 0.96564 0.952317
nextEvLexMin 0.95321 0.960509 0.947314
fairShare 0.939129 0.969472 0.956413
FCFS 0.594481 0.87754 0.865618
greedyYield 0.964126 0.966061 0.952885
greedyCom 0.952162 0.988015 0.974583
Set10Learn 0.916059 0.972669 0.959414
fixedWindow 0.96357 0.96541 0.95225
lookAheadGreedyYield 0.967156 0.970411 0.957173
nextEvLexMin 0.961044 0.966594 0.953415
