fairShare 0.983893 0.991334 0.98264
FCFS 0.86973 0.943885 0.935634
greedyYield 0.989095 0.987049 0.978374
greedyCom 0.986068 0.996596 0.987853
Set10Learn 0.984347 0.989285 0.980598
fixedWindow 0.989049 0.986996 0.978341
lookAheadGreedyYield 0.989515 0.988457 0.97977
nextEvLexMin 0.989149 0.98823 0.979549
fairShare 0.980928 0.992811 0.98421
FCFS 0.832121 0.944223 0.936043
greedyYield 0.988579 0.987034 0.978434
greedyCom 0.98501 0.997128 0.988476
Set10Learn 0.982607 0.989983 0.981367
fixedWindow 0.988606 0.987182 0.978609
lookAheadGreedyYield 0.989174 0.988591 0.979982
nextEvLexMin 0.985919 0.987218 0.978622
fairShare 0.982286 0.992221 0.983515
FCFS 0.854514 0.947265 0.938899
greedyYield 0.9889 0.98732 0.978617
greedyCom 0.987709 0.996899 0.988143
Set10Learn 0.981872 0.989055 0.980303
fixedWindow 0.98892 0.98734 0.978654
lookAheadGreedyYield 0.989497 0.989156 0.980442
nextEvLexMin 0.98865 0.987936 0.979236
fairShare 0.985366 0.992758 0.984447
FCFS 0.906217 0.946744 0.938749
greedyYield 0.990705 0.989924 0.981621
greedyCom 0.985753 0.996812 0.988475
Set10Learn 0.984202 0.988042 0.979753
fixedWindow 0.990758 0.990001 0.981726
lookAheadGreedyYield 0.991135 0.991052 0.982737
nextEvLexMin 0.990274 0.990053 0.981752
fairShare 0.982473 0.993134 0.984723
FCFS 0.923458 0.956303 0.948201
greedyYield 0.987639 0.987063 0.978681
greedyCom 0.983722 0.997173 0.988705
Set10Learn 0.98328 0.990317 0.981907
fixedWindow 0.987683 0.98705 0.9787
lookAheadGreedyYield 0.987448 0.98816 0.979774
nextEvLexMin 0.986808 0.987246 0.978864
fairShare 0.984102 0.99298 0.984436
FCFS 0.900516 0.958755 0.950559
greedyYield 0.989795 0.989605 0.981065
greedyCom 0.984015 0.996991 0.988399
Set10Learn 0.983746 0.99201 0.983467
fixedWindow 0.98976 0.989641 0.981123
lookAheadGreedyYield 0.989847 0.99006 0.981519
nextEvLexMin 0.989201 0.989517 0.98098
fairShare 0.986061 0.992469 0.983874
FCFS 0.899699 0.950599 0.942354
greedyYield 0.990893 0.990428 0.981841
greedyCom 0.986946 0.996766 0.988131
Set10Learn 0.986186 0.991306 0.982702
fixedWindow 0.991014 0.990662 0.982091
lookAheadGreedyYield 0.991531 0.991705 0.983099
nextEvLexMin 0.990571 0.990115 0.981526
fairShare 0.98662 0.993001 0.98442
FCFS 0.857625 0.952968 0.94478
greedyYield 0.991219 0.990871 0.982307
greedyCom 0.988019 0.997037 0.988424
Set10Learn 0.982393 0.990781 0.982214
fixedWindow 0.991116 0.990634 0.982088
lookAheadGreedyYield 0.991503 0.991587 0.983018
nextEvLexMin 0.9906 0.990706 0.982143
fairShare 0.977871 0.993213 0.984712
FCFS 0.849223 0.946212 0.938115
greedyYield 0.986988 0.985472 0.976978
greedyCom 0.980434 0.997248 0.988714
Set10Learn 0.980581 0.990957 0.98244
fixedWindow 0.98699 0.985455 0.977
lookAheadGreedyYield 0.987324 0.986839 0.978339
nextEvLexMin 0.986742 0.986155 0.977662
fairShare 0.985118 0.992572 0.983946
FCFS 0.880684 0.938186 0.929926
greedyYield 0.989784 0.987989 0.979343
greedyCom 0.986114 0.996892 0.988214
Set10Learn 0.982476 0.98929 0.980673
fixedWindow 0.98985 0.988048 0.979421
lookAheadGreedyYield 0.990131 0.988745 0.980092
nextEvLexMin 0.989451 0.988038 0.979404
