fairShare 0.944053 0.968507 0.955435
FCFS 0.716766 0.900355 0.888381
greedyYield 0.962323 0.96594 0.952766
greedyCom 0.938721 0.987626 0.974234
Set10Learn 0.940278 0.973421 0.960233
fixedWindow 0.962313 0.965908 0.952764
lookAheadGreedyYield 0.962289 0.967198 0.954013
nextEvLexMin 0.952484 0.963896 0.950766
fairShare 0.923846 0.969365 0.955207
FCFS 0.637843 0.888796 0.876079
greedyYield 0.95684 0.953049 0.938713
greedyCom 0.91519 0.987218 0.97268
Set10Learn 0.936243 0.964028 0.94976
fixedWindow 0.957201 0.953972 0.939709
lookAheadGreedyYield 0.956592 0.957895 0.94356
nextEvLexMin 0.952358 0.955976 0.941709
fairShare 0.911322 0.97103 0.958194
FCFS 0.685253 0.895248 0.883267
greedyYield 0.943875 0.943207 0.930339
greedyCom 0.913362 0.988604 0.975402
Set10Learn 0.923445 0.967093 0.953916
fixedWindow 0.944079 0.943332 0.930501
lookAheadGreedyYield 0.944065 0.948544 0.935656
nextEvLexMin 0.935028 0.947612 0.934794
fairShare 0.929868 0.962788 0.949483
FCFS 0.665127 0.895818 0.883441
greedyYield 0.960887 0.960887 0.947433
greedyCom 0.933504 0.987451 0.973725
Set10Learn 0.938691 0.969384 0.955821
fixedWindow 0.960845 0.960505 0.947083
lookAheadGreedyYield 0.961215 0.962988 0.949524
nextEvLexMin 0.959028 0.961369 0.947932
fairShare 0.927969 0.964204 0.949844
FCFS 0.650545 0.895583 0.883157
greedyYield 0.959162 0.960267 0.945624
greedyCom 0.928497 0.987288 0.972483
Set10Learn 0.932876 0.968428 0.953824
fixedWindow 0.959728 0.961471 0.946887
lookAheadGreedyYield 0.960025 0.963403 0.948756
nextEvLexMin 0.935865 0.962932 0.9484
fairShare 0.944291 0.971207 0.958383
FCFS 0.712506 0.885296 0.87349
greedyYield 0.961202 0.96031 0.94745
greedyCom 0.938852 0.989618 0.976551
Set10Learn 0.944948 0.971964 0.959007
fixedWindow 0.961273 0.960447 0.947621
lookAheadGreedyYield 0.962751 0.965016 0.952122
nextEvLexMin 0.959022 0.961951 0.949107
fairShare 0.937789 0.973489 0.960639
FCFS 0.7226 0.905635 0.893486
greedyYield 0.964619 0.964364 0.951289
greedyCom 0.954418 0.989727 0.976549
Set10Learn 0.951447 0.973925 0.960848
fixedWindow 0.964745 0.964521 0.951508
lookAheadGreedyYield 0.964614 0.966821 0.953745
nextEvLexMin 0.963103 0.965858 0.952809
fairShare 0.923033 0.965699 0.952718
FCFS 0.704833 0.892975 0.880803
greedyYield 0.953107 0.950524 0.937468
greedyCom 0.912737 0.985612 0.97218
Set10Learn 0.935336 0.966006 0.952807
fixedWindow 0.953855 0.952063 0.939035
lookAheadGreedyYield 0.953865 0.956117 0.943042
nextEvLexMin 0.936306 0.954678 0.941644
fairShare 0.930524 0.96579 0.953003
FCFS 0.721221 0.891414 0.87946
greedyYield 0.954741 0.959288 0.946294
greedyCom 0.921111 0.987849 0.974717
Set10Learn 0.942847 0.972059 0.958988
fixedWindow 0.954782 0.959388 0.946428
lookAheadGreedyYield 0.954716 0.961254 0.948266
nextEvLexMin 0.951679 0.962168 0.949202
fairShare 0.94044 0.972832 0.95983
FCFS 0.695763 0.893123 0.880986
greedyYield 0.958603 0.959881 0.946816
greedyCom 0.937925 0.988177 0.974926
Set10Learn 0.941256 0.971429 0.95834
fixedWindow 0.958717 0.960164 0.947158
lookAheadGreedyYield 0.95911 0.963182 0.950102
nextEvLexMin 0.957419 0.961274 0.94822
