fairShare 0.938106 0.967039 0.953909
FCFS 0.850142 0.904813 0.892468
greedyYield 0.959718 0.955413 0.942145
greedyCom 0.938245 0.987954 0.974439
Set10Learn 0.940365 0.974904 0.961521
fixedWindow 0.959511 0.954308 0.941067
lookAheadGreedyYield 0.959694 0.957546 0.944272
nextEvLexMin 0.958986 0.95765 0.944394
fairShare 0.935653 0.966599 0.952954
FCFS 0.692299 0.877874 0.865376
greedyYield 0.958219 0.950009 0.936335
greedyCom 0.943678 0.987276 0.973291
Set10Learn 0.947266 0.973445 0.95958
fixedWindow 0.958797 0.95106 0.937396
lookAheadGreedyYield 0.958595 0.954101 0.9404
nextEvLexMin 0.949254 0.954868 0.941192
fairShare 0.925421 0.963117 0.950232
FCFS 0.853745 0.894277 0.882167
greedyYield 0.956673 0.94981 0.93686
greedyCom 0.924232 0.986928 0.973658
Set10Learn 0.930822 0.97314 0.959999
fixedWindow 0.956783 0.950087 0.937166
lookAheadGreedyYield 0.95681 0.95245 0.939494
nextEvLexMin 0.955623 0.952653 0.939741
fairShare 0.944988 0.968104 0.954774
FCFS 0.743834 0.894693 0.882311
greedyYield 0.960715 0.955679 0.942332
greedyCom 0.949434 0.987985 0.974288
Set10Learn 0.95443 0.976996 0.9634
fixedWindow 0.960729 0.955759 0.942426
lookAheadGreedyYield 0.962243 0.960182 0.94677
nextEvLexMin 0.957282 0.95941 0.946061
fairShare 0.936253 0.967472 0.953948
FCFS 0.73285 0.887856 0.875352
greedyYield 0.959301 0.953699 0.940159
greedyCom 0.943746 0.987481 0.973612
Set10Learn 0.945863 0.974924 0.961189
fixedWindow 0.959266 0.95363 0.940108
lookAheadGreedyYield 0.960904 0.957334 0.943736
nextEvLexMin 0.943251 0.95503 0.941488
fairShare 0.939235 0.969641 0.956522
FCFS 0.817642 0.911153 0.898823
greedyYield 0.963081 0.96263 0.949348
greedyCom 0.950474 0.988313 0.974857
Set10Learn 0.946686 0.974425 0.961118
fixedWindow 0.963201 0.962396 0.949128
lookAheadGreedyYield 0.963647 0.966002 0.952706
nextEvLexMin 0.962018 0.96713 0.953868
fairShare 0.931825 0.962282 0.948912
FCFS 0.828958 0.884968 0.872617
greedyYield 0.95938 0.952279 0.938844
greedyCom 0.946327 0.986687 0.972987
Set10Learn 0.935882 0.973551 0.959895
fixedWindow 0.959151 0.951744 0.938339
lookAheadGreedyYield 0.959582 0.954753 0.941299
nextEvLexMin 0.958223 0.954665 0.941247
fairShare 0.93807 0.967383 0.953735
FCFS 0.685632 0.885722 0.873215
greedyYield 0.961256 0.956722 0.94297
greedyCom 0.939844 0.987609 0.973628
Set10Learn 0.935638 0.97267 0.958789
fixedWindow 0.961724 0.957334 0.943614
lookAheadGreedyYield 0.962346 0.960193 0.946424
nextEvLexMin 0.955299 0.960337 0.946607
fairShare 0.938779 0.968298 0.955248
FCFS 0.83181 0.903395 0.891118
greedyYield 0.962584 0.959299 0.946122
greedyCom 0.952742 0.988063 0.974691
Set10Learn 0.946947 0.977165 0.963884
fixedWindow 0.962648 0.959599 0.946422
lookAheadGreedyYield 0.963079 0.961932 0.948727
nextEvLexMin 0.961458 0.960593 0.947437
fairShare 0.935212 0.967235 0.954172
FCFS 0.853585 0.896067 0.883784
greedyYield 0.961326 0.957892 0.944711
greedyCom 0.944393 0.98771 0.974296
Set10Learn 0.949625 0.973599 0.96034
fixedWindow 0.961249 0.957701 0.944538
lookAheadGreedyYield 0.961713 0.960173 0.94696
nextEvLexMin 0.960606 0.960383 0.947224
