fairShare 0.937042 0.96323 0.948208
FCFS 0.65389 0.867795 0.855191
greedyYield 0.962972 0.955929 0.940902
greedyCom 0.943426 0.986858 0.971432
Set10Learn 0.935916 0.967021 0.951915
fixedWindow 0.962819 0.955615 0.940625
lookAheadGreedyYield 0.962696 0.960981 0.945915
nextEvLexMin 0.929638 0.957532 0.942652
fairShare 0.932368 0.969743 0.956878
FCFS 0.793143 0.883815 0.872119
greedyYield 0.95505 0.952391 0.939492
greedyCom 0.943716 0.988042 0.97491
Set10Learn 0.933897 0.973427 0.960389
fixedWindow 0.956239 0.954259 0.941343
lookAheadGreedyYield 0.95559 0.956635 0.94368
nextEvLexMin 0.954004 0.957083 0.944191
fairShare 0.939752 0.968309 0.95486
FCFS 0.701404 0.8719 0.85973
greedyYield 0.964195 0.963104 0.949565
greedyCom 0.951058 0.987414 0.973701
Set10Learn 0.953463 0.968531 0.954963
fixedWindow 0.96428 0.963405 0.949902
lookAheadGreedyYield 0.963452 0.965539 0.951943
nextEvLexMin 0.95817 0.962928 0.949402
fairShare 0.941705 0.968427 0.955127
FCFS 0.726042 0.885925 0.873774
greedyYield 0.960947 0.960845 0.947488
greedyCom 0.94707 0.987653 0.974032
Set10Learn 0.944495 0.970238 0.956805
fixedWindow 0.960932 0.960291 0.946961
lookAheadGreedyYield 0.96207 0.965256 0.951852
nextEvLexMin 0.960371 0.964836 0.95148
fairShare 0.933094 0.965859 0.952473
FCFS 0.713966 0.860201 0.848059
greedyYield 0.958944 0.955059 0.94156
greedyCom 0.928881 0.987293 0.973452
Set10Learn 0.944581 0.971232 0.957593
fixedWindow 0.95892 0.955622 0.942139
lookAheadGreedyYield 0.954002 0.961133 0.947589
nextEvLexMin 0.954314 0.961814 0.948284
fairShare 0.927486 0.967658 0.954689
FCFS 0.791577 0.901487 0.88938
greedyYield 0.955188 0.960128 0.947072
greedyCom 0.92084 0.987823 0.974492
Set10Learn 0.934438 0.972878 0.959694
fixedWindow 0.955188 0.959944 0.946901
lookAheadGreedyYield 0.955188 0.96326 0.950185
nextEvLexMin 0.955175 0.960248 0.947237
fairShare 0.944013 0.972594 0.959778
FCFS 0.772987 0.869793 0.858266
greedyYield 0.960903 0.95621 0.943359
greedyCom 0.949395 0.989658 0.976574
Set10Learn 0.948132 0.970345 0.957487
fixedWindow 0.960966 0.956333 0.943501
lookAheadGreedyYield 0.959528 0.956595 0.94375
nextEvLexMin 0.959689 0.960282 0.94742
fairShare 0.923812 0.962038 0.948661
FCFS 0.783068 0.865712 0.853407
greedyYield 0.950673 0.937985 0.924633
greedyCom 0.920685 0.986489 0.972734
Set10Learn 0.927962 0.965329 0.951765
fixedWindow 0.950775 0.938593 0.925269
lookAheadGreedyYield 0.947934 0.939346 0.926019
nextEvLexMin 0.946996 0.941105 0.927773
fairShare 0.920547 0.968011 0.954821
FCFS 0.78212 0.857144 0.844993
greedyYield 0.951994 0.943387 0.930269
greedyCom 0.924447 0.988191 0.974676
Set10Learn 0.936002 0.964408 0.951125
fixedWindow 0.952218 0.943856 0.930791
lookAheadGreedyYield 0.954192 0.950521 0.937368
nextEvLexMin 0.952421 0.949396 0.936274
fairShare 0.932789 0.972475 0.96002
FCFS 0.844054 0.907465 0.895849
greedyYield 0.963312 0.963785 0.951238
greedyCom 0.946735 0.989278 0.976528
Set10Learn 0.942891 0.978169 0.965548
fixedWindow 0.963071 0.963236 0.950722
lookAheadGreedyYield 0.963596 0.965831 0.953279
nextEvLexMin 0.963011 0.964644 0.952113
