fairShare 0.786759 0.905463 0.889557
FCFS 0.247 0.786961 0.77245
greedyYield 0.883416 0.885475 0.869084
greedyCom 0.56256 0.948361 0.931441
Set10Learn 0.711785 0.908955 0.892204
fixedWindow 0.883455 0.88551 0.869126
lookAheadGreedyYield 0.870073 0.892172 0.875754
nextEvLexMin 0.867751 0.891757 0.875408
fairShare 0.791092 0.891822 0.875639
FCFS 0.247043 0.78335 0.768559
greedyYield 0.869366 0.871043 0.854526
greedyCom 0.364106 0.9386 0.921641
Set10Learn 0.53215 0.88092 0.864035
fixedWindow 0.869393 0.871008 0.854501
lookAheadGreedyYield 0.861334 0.871948 0.855484
nextEvLexMin 0.847559 0.871052 0.854686
fairShare 0.812201 0.89791 0.881882
FCFS 0.434195 0.801129 0.786368
greedyYield 0.877471 0.87918 0.862882
greedyCom 0.339814 0.944724 0.927857
Set10Learn 0.626188 0.896228 0.87962
fixedWindow 0.877094 0.878829 0.862553
lookAheadGreedyYield 0.868636 0.884825 0.868588
nextEvLexMin 0.864726 0.879629 0.863532
fairShare 0.802981 0.89576 0.879218
FCFS 0.205755 0.790391 0.775653
greedyYield 0.879736 0.881593 0.864802
greedyCom 0.213455 0.932834 0.915478
Set10Learn 0.577451 0.891125 0.873997
fixedWindow 0.879357 0.881215 0.864443
lookAheadGreedyYield 0.862757 0.881562 0.864827
nextEvLexMin 0.85866 0.884851 0.868091
fairShare 0.790463 0.890936 0.874952
FCFS 0.381575 0.792661 0.777945
greedyYield 0.869866 0.87262 0.856269
greedyCom 0.47909 0.937843 0.920983
Set10Learn 0.591082 0.899138 0.882517
fixedWindow 0.869809 0.872464 0.856126
lookAheadGreedyYield 0.836668 0.880356 0.864045
nextEvLexMin 0.836912 0.878585 0.862339
fairShare 0.796604 0.883845 0.867895
FCFS 0.365331 0.781528 0.766856
greedyYield 0.876922 0.878752 0.862542
greedyCom 0.33999 0.937703 0.920862
Set10Learn 0.573842 0.90128 0.884758
fixedWindow 0.876925 0.878643 0.862451
lookAheadGreedyYield 0.869618 0.881012 0.864783
nextEvLexMin 0.822687 0.881704 0.865496
fairShare 0.797918 0.896498 0.880186
FCFS 0.221687 0.785696 0.771113
greedyYield 0.887422 0.889642 0.873006
greedyCom 0.506293 0.946204 0.928959
Set10Learn 0.614684 0.903194 0.88623
fixedWindow 0.88735 0.889569 0.872938
lookAheadGreedyYield 0.876315 0.893914 0.877281
nextEvLexMin 0.876147 0.895977 0.879336
fairShare 0.792465 0.892187 0.8762
FCFS 0.431635 0.798163 0.783468
greedyYield 0.881763 0.884252 0.867855
greedyCom 0.437969 0.93435 0.9175
Set10Learn 0.667353 0.899779 0.883181
fixedWindow 0.882151 0.884625 0.868238
lookAheadGreedyYield 0.856481 0.888261 0.871834
nextEvLexMin 0.873588 0.887652 0.871268
fairShare 0.795794 0.898607 0.882732
FCFS 0.469706 0.810185 0.7958
greedyYield 0.884443 0.885858 0.869616
greedyCom 0.469729 0.943997 0.927184
Set10Learn 0.647277 0.906072 0.889564
fixedWindow 0.88444 0.885834 0.869603
lookAheadGreedyYield 0.848064 0.892943 0.876712
nextEvLexMin 0.871787 0.893061 0.876869
fairShare 0.799738 0.896614 0.880516
FCFS 0.308267 0.770628 0.756196
greedyYield 0.879056 0.881208 0.864825
greedyCom 0.354352 0.939074 0.922172
Set10Learn 0.580251 0.892869 0.876124
fixedWindow 0.878943 0.880834 0.864462
lookAheadGreedyYield 0.877819 0.891339 0.874869
nextEvLexMin 0.872148 0.890475 0.874057
