fairShare 0.934053 0.96667 0.953417
FCFS 0.545618 0.871009 0.859076
greedyYield 0.961032 0.962615 0.949263
greedyCom 0.924041 0.987267 0.973641
Set10Learn 0.918 0.974537 0.961063
fixedWindow 0.961185 0.962801 0.949454
lookAheadGreedyYield 0.960867 0.965561 0.952179
nextEvLexMin 0.95891 0.963689 0.950342
fairShare 0.941191 0.967949 0.954913
FCFS 0.641702 0.886609 0.874577
greedyYield 0.968738 0.969945 0.956793
greedyCom 0.950652 0.98798 0.974619
Set10Learn 0.93888 0.977502 0.964282
fixedWindow 0.968828 0.969954 0.956814
lookAheadGreedyYield 0.972685 0.974185 0.960973
nextEvLexMin 0.968211 0.970484 0.95732
fairShare 0.92759 0.967473 0.954641
FCFS 0.625595 0.884173 0.872211
greedyYield 0.962835 0.96437 0.951421
greedyCom 0.935677 0.988479 0.975293
Set10Learn 0.935407 0.975046 0.961957
fixedWindow 0.96298 0.964419 0.951475
lookAheadGreedyYield 0.963372 0.965969 0.953003
nextEvLexMin 0.959447 0.964865 0.951935
fairShare 0.942869 0.969127 0.956234
FCFS 0.630128 0.888891 0.87713
greedyYield 0.970646 0.971812 0.958803
greedyCom 0.950627 0.98864 0.975422
Set10Learn 0.954767 0.977065 0.963993
fixedWindow 0.970497 0.971701 0.958692
lookAheadGreedyYield 0.972801 0.974157 0.96112
nextEvLexMin 0.968053 0.970936 0.95794
fairShare 0.904727 0.962588 0.949415
FCFS 0.557458 0.880563 0.868507
greedyYield 0.961823 0.96307 0.949708
greedyCom 0.906919 0.98619 0.972608
Set10Learn 0.932659 0.974982 0.961463
fixedWindow 0.961773 0.962977 0.949628
lookAheadGreedyYield 0.960385 0.964742 0.951363
nextEvLexMin 0.957918 0.961443 0.948138
fairShare 0.929649 0.967979 0.955053
FCFS 0.649092 0.886741 0.874916
greedyYield 0.963098 0.964894 0.951841
greedyCom 0.9353 0.988327 0.975045
Set10Learn 0.938122 0.975891 0.962717
fixedWindow 0.963184 0.965071 0.952032
lookAheadGreedyYield 0.96594 0.970119 0.957004
nextEvLexMin 0.962085 0.966597 0.953549
fairShare 0.933575 0.969572 0.956651
FCFS 0.512821 0.869372 0.857559
greedyYield 0.961005 0.962868 0.949862
greedyCom 0.937574 0.988583 0.975356
Set10Learn 0.931355 0.974954 0.961797
fixedWindow 0.960987 0.9628 0.949803
lookAheadGreedyYield 0.962303 0.965967 0.952922
fairShare 0.935739 0.967614 0.954632
FCFS 0.593214 0.895832 0.883854
greedyYield 0.967092 0.968982 0.955851
greedyCom 0.92839 0.987572 0.974214
Set10Learn 0.951927 0.978221 0.964959
fixedWindow 0.967088 0.969068 0.955946
lookAheadGreedyYield 0.968957 0.972106 0.95894
nextEvLexMin 0.965106 0.969612 0.95649
fairShare 0.93953 0.966624 0.953485
FCFS 0.589659 0.891206 0.879199
greedyYield 0.968968 0.970863 0.957574
greedyCom 0.947315 0.987739 0.97423
Set10Learn 0.938201 0.977997 0.964614
fixedWindow 0.968643 0.970164 0.956887
lookAheadGreedyYield 0.971514 0.973497 0.960177
nextEvLexMin 0.967215 0.970618 0.957356
fairShare 0.931002 0.96953 0.956204
FCFS 0.426301 0.847809 0.835842
greedyYield 0.959286 0.961093 0.947746
greedyCom 0.925495 0.988286 0.974632
Set10Learn 0.913114 0.971684 0.958193
fixedWindow 0.958506 0.960326 0.946997
lookAheadGreedyYield 0.954814 0.963714 0.950342
nextEvLexMin 0.951167 0.962393 0.949059
