fairShare 0.773091 0.888482 0.872441
FCFS 0.488883 0.77294 0.758218
greedyYield 0.866221 0.86843 0.852174
greedyCom 0.557317 0.938772 0.921942
Set10Learn 0.773786 0.907884 0.891038
fixedWindow 0.866092 0.868225 0.851983
lookAheadGreedyYield 0.863914 0.876815 0.860479
nextEvLexMin 0.860534 0.87559 0.859287
fairShare 0.768284 0.884337 0.86827
FCFS 0.508116 0.781092 0.766377
greedyYield 0.875799 0.877793 0.861303
greedyCom 0.251137 0.93759 0.920738
Set10Learn 0.737494 0.900191 0.883441
fixedWindow 0.875743 0.877517 0.861047
lookAheadGreedyYield 0.854926 0.879037 0.862598
nextEvLexMin 0.857398 0.877663 0.86129
fairShare 0.79996 0.889268 0.873134
FCFS 0.53578 0.799368 0.784513
greedyYield 0.877976 0.879971 0.863421
greedyCom 0.38118 0.928573 0.911726
Set10Learn 0.694345 0.885604 0.868907
fixedWindow 0.878179 0.879968 0.863428
lookAheadGreedyYield 0.867226 0.883073 0.866506
nextEvLexMin 0.863235 0.880345 0.863869
fairShare 0.795495 0.883556 0.867525
FCFS 0.537388 0.79601 0.781304
greedyYield 0.870253 0.872122 0.855684
greedyCom 0.295635 0.932745 0.915895
Set10Learn 0.707263 0.885625 0.868881
fixedWindow 0.87037 0.872229 0.8558
lookAheadGreedyYield 0.870369 0.879674 0.863205
nextEvLexMin 0.862704 0.877218 0.860859
fairShare 0.76884 0.887744 0.871926
FCFS 0.504924 0.776655 0.762183
greedyYield 0.878545 0.880711 0.864385
greedyCom 0.385215 0.942074 0.925259
Set10Learn 0.767865 0.907259 0.890636
fixedWindow 0.878642 0.880828 0.864512
lookAheadGreedyYield 0.8807 0.887496 0.87112
nextEvLexMin 0.878055 0.887672 0.871326
fairShare 0.761929 0.887851 0.871807
FCFS 0.483866 0.768919 0.754184
greedyYield 0.88326 0.884853 0.868329
greedyCom 0.375296 0.938727 0.921899
Set10Learn 0.744614 0.900048 0.88328
fixedWindow 0.882121 0.883727 0.867232
lookAheadGreedyYield 0.875948 0.882728 0.866302
nextEvLexMin 0.874858 0.88515 0.868679
fairShare 0.77334 0.879615 0.863758
FCFS 0.493884 0.770123 0.755458
greedyYield 0.87516 0.876941 0.86059
greedyCom 0.523766 0.936888 0.920076
Set10Learn 0.749587 0.904054 0.887337
fixedWindow 0.87492 0.876698 0.860365
lookAheadGreedyYield 0.856067 0.884949 0.868509
nextEvLexMin 0.851726 0.882164 0.865778
fairShare 0.795813 0.886051 0.870192
FCFS 0.491115 0.77465 0.759871
greedyYield 0.885051 0.886539 0.870091
greedyCom 0.62811 0.941139 0.924324
Set10Learn 0.780542 0.914044 0.897282
fixedWindow 0.885082 0.886589 0.870157
lookAheadGreedyYield 0.88014 0.88498 0.868603
nextEvLexMin 0.873904 0.882982 0.86667
fairShare 0.797224 0.892461 0.876553
FCFS 0.508288 0.783771 0.76905
greedyYield 0.871762 0.874483 0.858213
greedyCom 0.389904 0.936555 0.919792
Set10Learn 0.731957 0.899132 0.882477
fixedWindow 0.871673 0.874374 0.858121
lookAheadGreedyYield 0.86687 0.876414 0.860203
nextEvLexMin 0.869876 0.882426 0.86613
fairShare 0.793968 0.891319 0.875215
FCFS 0.485821 0.767297 0.752548
greedyYield 0.875995 0.877446 0.861104
greedyCom 0.385293 0.938713 0.921879
Set10Learn 0.75914 0.909143 0.892375
fixedWindow 0.876078 0.877533 0.86121
lookAheadGreedyYield 0.872989 0.879639 0.863291
nextEvLexMin 0.867753 0.876075 0.859836
