fairShare 0.943241 0.966326 0.953304
FCFS 0.812267 0.881666 0.869494
greedyYield 0.962956 0.960689 0.947492
greedyCom 0.945922 0.988091 0.97472
Set10Learn 0.944851 0.968716 0.955437
fixedWindow 0.963033 0.960803 0.947625
lookAheadGreedyYield 0.962555 0.963122 0.949926
nextEvLexMin 0.960943 0.961071 0.947954
fairShare 0.94463 0.968484 0.9553
FCFS 0.776539 0.882334 0.870286
greedyYield 0.963466 0.958631 0.945351
greedyCom 0.942605 0.987559 0.974068
Set10Learn 0.951134 0.973453 0.96007
fixedWindow 0.963457 0.958717 0.945476
lookAheadGreedyYield 0.962872 0.961203 0.947912
nextEvLexMin 0.961584 0.958413 0.945179
fairShare 0.938415 0.970287 0.957211
FCFS 0.807293 0.881321 0.86941
greedyYield 0.957562 0.952615 0.939511
greedyCom 0.939169 0.988921 0.97551
Set10Learn 0.945104 0.971139 0.957981
fixedWindow 0.957575 0.953576 0.940493
lookAheadGreedyYield 0.957336 0.954753 0.941656
nextEvLexMin 0.957 0.955974 0.94289
fairShare 0.926147 0.967478 0.954253
FCFS 0.801793 0.884092 0.871761
greedyYield 0.955129 0.95019 0.936985
greedyCom 0.927904 0.9868 0.973239
Set10Learn 0.938317 0.973265 0.959874
fixedWindow 0.955093 0.950072 0.936895
lookAheadGreedyYield 0.953643 0.954047 0.940809
nextEvLexMin 0.952597 0.954997 0.941804
fairShare 0.943131 0.969836 0.956962
FCFS 0.81352 0.895526 0.883666
greedyYield 0.962009 0.962428 0.949429
greedyCom 0.945515 0.989406 0.976215
Set10Learn 0.948458 0.975214 0.96219
fixedWindow 0.961903 0.961901 0.948937
lookAheadGreedyYield 0.962176 0.964589 0.951597
nextEvLexMin 0.96075 0.966233 0.953271
fairShare 0.921178 0.969504 0.956343
FCFS 0.806076 0.858644 0.846795
greedyYield 0.95523 0.9456 0.932471
greedyCom 0.920697 0.98827 0.974795
Set10Learn 0.924491 0.966235 0.952983
fixedWindow 0.955176 0.945209 0.932124
lookAheadGreedyYield 0.95373 0.94974 0.936612
nextEvLexMin 0.95364 0.948673 0.935584
fairShare 0.927762 0.967217 0.954252
FCFS 0.790372 0.877665 0.865752
greedyYield 0.959065 0.95728 0.944258
greedyCom 0.92425 0.987666 0.974389
Set10Learn 0.948924 0.974661 0.961502
fixedWindow 0.95895 0.957662 0.944662
lookAheadGreedyYield 0.959833 0.959423 0.946383
nextEvLexMin 0.957341 0.958352 0.94533
fairShare 0.940509 0.972024 0.959108
FCFS 0.796508 0.876768 0.864826
greedyYield 0.959172 0.958334 0.945318
greedyCom 0.94411 0.989735 0.976521
Set10Learn 0.949373 0.975254 0.962136
fixedWindow 0.958652 0.957804 0.944807
lookAheadGreedyYield 0.959562 0.960391 0.947362
nextEvLexMin 0.958141 0.959497 0.946512
fairShare 0.937251 0.9709 0.957895
FCFS 0.830216 0.898377 0.886369
greedyYield 0.962031 0.959896 0.946855
greedyCom 0.936039 0.988265 0.974948
Set10Learn 0.945779 0.973805 0.960613
fixedWindow 0.961938 0.959865 0.946858
lookAheadGreedyYield 0.961241 0.961119 0.948091
nextEvLexMin 0.959105 0.959192 0.946189
fairShare 0.93062 0.967687 0.954824
FCFS 0.833038 0.898898 0.88691
greedyYield 0.956638 0.955293 0.942315
greedyCom 0.931429 0.988396 0.975183
Set10Learn 0.946764 0.975718 0.962614
fixedWindow 0.9565 0.955955 0.943015
lookAheadGreedyYield 0.957107 0.958246 0.945233
nextEvLexMin 0.955849 0.958672 0.945687
