fairShare 0.80698 0.895645 0.879197
FCFS 0.567632 0.811108 0.796022
greedyYield 0.871269 0.854231 0.837491
greedyCom 0.598808 0.931464 0.914155
Set10Learn 0.680468 0.904472 0.887327
fixedWindow 0.871095 0.853885 0.837163
lookAheadGreedyYield 0.868238 0.863391 0.846652
nextEvLexMin 0.866971 0.869214 0.852547
fairShare 0.798268 0.894823 0.878639
FCFS 0.632041 0.794232 0.779424
greedyYield 0.867383 0.8505 0.834104
greedyCom 0.6349 0.939426 0.922395
Set10Learn 0.718228 0.911489 0.894691
fixedWindow 0.868278 0.852443 0.836038
lookAheadGreedyYield 0.865447 0.856101 0.83971
nextEvLexMin 0.865648 0.864533 0.848175
fairShare 0.798887 0.893581 0.877587
FCFS 0.696604 0.792711 0.777829
greedyYield 0.873472 0.854091 0.837728
greedyCom 0.58706 0.938869 0.921904
Set10Learn 0.744341 0.909578 0.89279
fixedWindow 0.873385 0.853897 0.837575
lookAheadGreedyYield 0.870773 0.86176 0.845357
nextEvLexMin 0.869548 0.869935 0.853611
fairShare 0.781693 0.892879 0.87677
FCFS 0.67676 0.798418 0.783612
greedyYield 0.865749 0.845939 0.829632
greedyCom 0.546891 0.939947 0.923046
Set10Learn 0.763938 0.904199 0.887531
fixedWindow 0.865681 0.845705 0.829419
lookAheadGreedyYield 0.815812 0.854005 0.83768
nextEvLexMin 0.831045 0.860469 0.844193
fairShare 0.816954 0.884953 0.868583
FCFS 0.651884 0.801575 0.786557
greedyYield 0.871198 0.860505 0.844
greedyCom 0.570677 0.928929 0.911819
Set10Learn 0.743622 0.90016 0.883203
fixedWindow 0.871388 0.860857 0.844363
lookAheadGreedyYield 0.870209 0.860578 0.844098
nextEvLexMin 0.869875 0.864258 0.8478
fairShare 0.810898 0.887649 0.871333
FCFS 0.614455 0.768298 0.753475
greedyYield 0.869877 0.844505 0.828041
greedyCom 0.550621 0.938184 0.920963
Set10Learn 0.726369 0.903572 0.886601
fixedWindow 0.869888 0.844453 0.828003
lookAheadGreedyYield 0.848417 0.84511 0.828681
nextEvLexMin 0.827115 0.857151 0.840769
fairShare 0.808409 0.893559 0.877472
FCFS 0.701557 0.797663 0.782686
greedyYield 0.867257 0.842841 0.826449
greedyCom 0.620128 0.938082 0.921099
Set10Learn 0.707596 0.902514 0.885604
fixedWindow 0.867548 0.843425 0.827065
lookAheadGreedyYield 0.854866 0.858555 0.842131
nextEvLexMin 0.854832 0.868183 0.851767
fairShare 0.801411 0.899719 0.883556
FCFS 0.591756 0.816884 0.801996
greedyYield 0.865398 0.836377 0.819912
greedyCom 0.528121 0.942617 0.925469
Set10Learn 0.670215 0.897795 0.880887
fixedWindow 0.865713 0.836992 0.820526
lookAheadGreedyYield 0.857842 0.84547 0.829044
nextEvLexMin 0.861788 0.860395 0.843952
fairShare 0.806666 0.894495 0.878314
FCFS 0.592254 0.817061 0.802098
greedyYield 0.869679 0.850898 0.834619
greedyCom 0.586885 0.936523 0.919462
Set10Learn 0.71853 0.899696 0.882922
fixedWindow 0.870034 0.85155 0.835271
lookAheadGreedyYield 0.839254 0.857188 0.840868
nextEvLexMin 0.848784 0.864188 0.847894
fairShare 0.787627 0.885053 0.868712
FCFS 0.686018 0.765732 0.750812
greedyYield 0.858662 0.830349 0.813948
greedyCom 0.522537 0.933539 0.916512
Set10Learn 0.672472 0.898072 0.881108
fixedWindow 0.858626 0.83029 0.813946
lookAheadGreedyYield 0.84328 0.836138 0.819736
nextEvLexMin 0.850109 0.839548 0.8232
