fairShare 0.812818 0.88965 0.873419
FCFS 0.625138 0.803249 0.788411
greedyYield 0.868924 0.845313 0.828915
greedyCom 0.476399 0.922168 0.905359
Set10Learn 0.723314 0.873961 0.857346
fixedWindow 0.86949 0.846268 0.829883
lookAheadGreedyYield 0.863427 0.862011 0.845567
nextEvLexMin 0.840146 0.869501 0.85307
fairShare 0.806476 0.894262 0.877741
FCFS 0.574472 0.761096 0.74646
greedyYield 0.873524 0.84998 0.833241
greedyCom 0.457687 0.940003 0.922725
Set10Learn 0.781907 0.883791 0.866956
fixedWindow 0.873596 0.850048 0.833341
lookAheadGreedyYield 0.870097 0.865702 0.848989
nextEvLexMin 0.870015 0.864787 0.848134
fairShare 0.803778 0.911843 0.89597
FCFS 0.625342 0.814262 0.799814
greedyYield 0.86822 0.852356 0.836206
greedyCom 0.748821 0.956762 0.939948
Set10Learn 0.731804 0.894906 0.878575
fixedWindow 0.868163 0.853719 0.837601
lookAheadGreedyYield 0.865326 0.871825 0.855658
nextEvLexMin 0.864335 0.877578 0.861444
fairShare 0.803393 0.917279 0.901362
FCFS 0.655111 0.789852 0.77537
greedyYield 0.868569 0.858278 0.842177
greedyCom 0.722472 0.949762 0.932999
Set10Learn 0.739435 0.910354 0.893961
fixedWindow 0.868721 0.857595 0.841571
lookAheadGreedyYield 0.868999 0.864103 0.847982
nextEvLexMin 0.865591 0.878342 0.862266
fairShare 0.797958 0.896182 0.880364
FCFS 0.610652 0.807088 0.792641
greedyYield 0.877212 0.857478 0.841434
greedyCom 0.691639 0.944667 0.927835
Set10Learn 0.816879 0.899361 0.882883
fixedWindow 0.877368 0.857827 0.841832
lookAheadGreedyYield 0.866355 0.873375 0.857227
nextEvLexMin 0.872538 0.870165 0.854117
fairShare 0.757594 0.887179 0.871065
FCFS 0.616693 0.771107 0.756337
greedyYield 0.842514 0.818709 0.802399
greedyCom 0.43591 0.927192 0.91025
Set10Learn 0.699003 0.880401 0.863727
fixedWindow 0.842621 0.818962 0.802724
lookAheadGreedyYield 0.832351 0.832087 0.815693
nextEvLexMin 0.833414 0.843254 0.826875
fairShare 0.759892 0.90426 0.888398
FCFS 0.613642 0.780017 0.76542
greedyYield 0.868252 0.845038 0.828861
greedyCom 0.6881 0.954422 0.937697
Set10Learn 0.763537 0.91263 0.896181
fixedWindow 0.868292 0.845114 0.829003
lookAheadGreedyYield 0.8654 0.854964 0.838775
nextEvLexMin 0.864993 0.860564 0.844433
fairShare 0.71874 0.879178 0.862702
FCFS 0.589263 0.725955 0.711049
greedyYield 0.819976 0.808656 0.792084
greedyCom 0.561734 0.922947 0.906014
Set10Learn 0.703131 0.866392 0.849607
fixedWindow 0.819976 0.808602 0.792116
lookAheadGreedyYield 0.819976 0.82072 0.804102
nextEvLexMin 0.819968 0.829994 0.813369
fairShare 0.766095 0.887391 0.871139
FCFS 0.572862 0.780637 0.766174
greedyYield 0.857751 0.835808 0.819508
greedyCom 0.54752 0.930293 0.913292
Set10Learn 0.729717 0.884829 0.868125
fixedWindow 0.857904 0.836144 0.81987
lookAheadGreedyYield 0.853484 0.842432 0.826109
nextEvLexMin 0.856577 0.847489 0.831224
fairShare 0.818318 0.913226 0.897721
FCFS 0.623748 0.768478 0.754184
greedyYield 0.887358 0.881275 0.865493
greedyCom 0.795481 0.96214 0.94574
Set10Learn 0.793234 0.923333 0.90721
fixedWindow 0.887358 0.881175 0.865453
lookAheadGreedyYield 0.887358 0.888221 0.872342
nextEvLexMin 0.887349 0.896124 0.88028
