fairShare 0.935223 0.967817 0.954933
FCFS 0.820603 0.872014 0.860078
greedyYield 0.961116 0.956667 0.943666
greedyCom 0.939751 0.988476 0.975267
Set10Learn 0.946557 0.970881 0.957804
fixedWindow 0.961194 0.95777 0.944801
lookAheadGreedyYield 0.962105 0.959734 0.946713
nextEvLexMin 0.959774 0.958381 0.945395
fairShare 0.936567 0.970952 0.957986
FCFS 0.828676 0.880162 0.86833
greedyYield 0.963025 0.962247 0.949295
greedyCom 0.935591 0.988961 0.975711
Set10Learn 0.941267 0.970784 0.957798
fixedWindow 0.962684 0.961892 0.948982
lookAheadGreedyYield 0.963476 0.964104 0.951135
nextEvLexMin 0.959927 0.961025 0.948102
fairShare 0.929343 0.964115 0.951109
FCFS 0.818165 0.871101 0.859069
greedyYield 0.957851 0.954557 0.941479
greedyCom 0.937353 0.987659 0.97428
Set10Learn 0.94264 0.972422 0.959187
fixedWindow 0.957946 0.954002 0.940991
lookAheadGreedyYield 0.958313 0.9574 0.944306
nextEvLexMin 0.956398 0.955514 0.942449
fairShare 0.919514 0.964533 0.951409
FCFS 0.814447 0.871711 0.859675
greedyYield 0.949452 0.946132 0.932976
greedyCom 0.913068 0.986881 0.973402
Set10Learn 0.928363 0.973914 0.960488
fixedWindow 0.949529 0.947049 0.933931
lookAheadGreedyYield 0.949689 0.94651 0.933323
nextEvLexMin 0.948965 0.94688 0.933736
fairShare 0.934477 0.964103 0.951147
FCFS 0.845446 0.894852 0.88291
greedyYield 0.958 0.953939 0.940881
greedyCom 0.936983 0.986649 0.97331
Set10Learn 0.937474 0.973968 0.960697
fixedWindow 0.957699 0.953431 0.940406
lookAheadGreedyYield 0.956391 0.955588 0.942564
nextEvLexMin 0.955596 0.955871 0.942863
fairShare 0.934168 0.967502 0.95439
FCFS 0.828245 0.881403 0.869221
greedyYield 0.958036 0.954129 0.940888
greedyCom 0.940188 0.987542 0.974027
Set10Learn 0.947518 0.972087 0.958731
fixedWindow 0.958126 0.954118 0.940899
lookAheadGreedyYield 0.958984 0.95748 0.944187
nextEvLexMin 0.956831 0.955579 0.942349
fairShare 0.942456 0.966983 0.954052
FCFS 0.84608 0.895187 0.883167
greedyYield 0.963614 0.961842 0.948787
greedyCom 0.945406 0.988503 0.975241
Set10Learn 0.954655 0.973369 0.960278
fixedWindow 0.963615 0.961787 0.948781
lookAheadGreedyYield 0.963617 0.96381 0.950756
nextEvLexMin 0.96257 0.963694 0.950673
fairShare 0.936887 0.969757 0.956961
FCFS 0.825239 0.879924 0.868094
greedyYield 0.958567 0.957587 0.944732
greedyCom 0.935641 0.98832 0.975257
Set10Learn 0.94385 0.9754 0.96241
fixedWindow 0.958633 0.957896 0.94509
lookAheadGreedyYield 0.958456 0.958126 0.945273
nextEvLexMin 0.957899 0.956579 0.943736
fairShare 0.934551 0.970462 0.957621
FCFS 0.844236 0.901193 0.889146
greedyYield 0.960403 0.96179 0.948861
greedyCom 0.938648 0.989044 0.97587
Set10Learn 0.944962 0.976701 0.963709
fixedWindow 0.960256 0.961801 0.948888
lookAheadGreedyYield 0.960238 0.962746 0.949795
nextEvLexMin 0.959706 0.96351 0.950581
fairShare 0.923299 0.963579 0.950384
FCFS 0.820102 0.870335 0.858083
greedyYield 0.956084 0.949964 0.93658
greedyCom 0.924429 0.987262 0.973703
Set10Learn 0.939499 0.969164 0.955675
fixedWindow 0.955783 0.949452 0.936168
lookAheadGreedyYield 0.951526 0.947136 0.933813
nextEvLexMin 0.949782 0.948598 0.935313
