fairShare 0.935223 0.968418 0.955551
FCFS 0.692458 0.874604 0.862639
greedyYield 0.968647 0.969514 0.956492
greedyCom 0.947772 0.989183 0.975974
Set10Learn 0.959392 0.979017 0.9659
fixedWindow 0.968342 0.969104 0.956095
lookAheadGreedyYield 0.971448 0.972782 0.959723
nextEvLexMin 0.968216 0.969789 0.956768
fairShare 0.936567 0.968374 0.955324
FCFS 0.706121 0.880156 0.868193
greedyYield 0.968765 0.969684 0.956547
greedyCom 0.945392 0.988818 0.97545
Set10Learn 0.954125 0.978106 0.964875
fixedWindow 0.968231 0.969321 0.956207
lookAheadGreedyYield 0.97207 0.973135 0.959951
nextEvLexMin 0.967065 0.968909 0.955806
fairShare 0.929343 0.96473 0.951752
FCFS 0.695455 0.874017 0.862064
greedyYield 0.964741 0.966113 0.953018
greedyCom 0.918438 0.987108 0.973794
Set10Learn 0.958747 0.978793 0.965552
fixedWindow 0.964638 0.965987 0.952907
lookAheadGreedyYield 0.967972 0.96976 0.956617
nextEvLexMin 0.963661 0.966083 0.953013
fairShare 0.919514 0.96229 0.949231
FCFS 0.690397 0.873201 0.861104
greedyYield 0.958683 0.959246 0.946086
greedyCom 0.917982 0.986252 0.972833
Set10Learn 0.943306 0.974962 0.96155
fixedWindow 0.958902 0.959432 0.946279
lookAheadGreedyYield 0.961798 0.963844 0.950626
nextEvLexMin 0.958953 0.961089 0.947921
fairShare 0.934477 0.966692 0.953834
FCFS 0.756341 0.900014 0.888135
greedyYield 0.963131 0.964571 0.95162
greedyCom 0.933312 0.987453 0.974208
Set10Learn 0.947598 0.978033 0.964861
fixedWindow 0.963683 0.965273 0.952326
lookAheadGreedyYield 0.964737 0.968465 0.955486
nextEvLexMin 0.961297 0.965772 0.952827
fairShare 0.934168 0.967334 0.954354
FCFS 0.721449 0.887374 0.875281
greedyYield 0.963002 0.964849 0.951712
greedyCom 0.945702 0.987979 0.974619
Set10Learn 0.949312 0.97834 0.965069
fixedWindow 0.962754 0.964607 0.951482
lookAheadGreedyYield 0.966866 0.969688 0.956493
nextEvLexMin 0.96228 0.966147 0.95302
fairShare 0.942456 0.967966 0.954941
FCFS 0.720914 0.885346 0.873307
greedyYield 0.964869 0.966103 0.953016
greedyCom 0.938927 0.988148 0.974824
Set10Learn 0.946714 0.977544 0.964301
fixedWindow 0.964782 0.965991 0.952922
lookAheadGreedyYield 0.968722 0.970529 0.957388
nextEvLexMin 0.964257 0.967223 0.954123
fairShare 0.936887 0.968009 0.955047
FCFS 0.691936 0.873757 0.861803
greedyYield 0.967133 0.968446 0.955385
greedyCom 0.923792 0.987521 0.974265
Set10Learn 0.949103 0.977384 0.964196
fixedWindow 0.967167 0.968503 0.955461
lookAheadGreedyYield 0.968198 0.969312 0.956245
nextEvLexMin 0.965944 0.967696 0.954637
fairShare 0.934551 0.96886 0.955941
FCFS 0.739497 0.896451 0.884371
greedyYield 0.970965 0.972364 0.959268
greedyCom 0.93835 0.988199 0.974917
Set10Learn 0.965096 0.980072 0.966909
fixedWindow 0.971098 0.972598 0.959512
lookAheadGreedyYield 0.973833 0.975451 0.962319
nextEvLexMin 0.970776 0.973762 0.960655
fairShare 0.923299 0.965386 0.952233
FCFS 0.696624 0.877081 0.864846
greedyYield 0.964494 0.965777 0.952465
greedyCom 0.927816 0.987906 0.97436
Set10Learn 0.949858 0.977187 0.963735
fixedWindow 0.964002 0.965217 0.951928
lookAheadGreedyYield 0.964868 0.966465 0.953152
nextEvLexMin 0.960168 0.962857 0.949588
