fairShare 0.932687 0.968206 0.955268
FCFS 0.518849 0.867365 0.855451
greedyYield 0.96385 0.965068 0.952037
greedyCom 0.939625 0.988846 0.975554
Set10Learn 0.935761 0.975106 0.961941
fixedWindow 0.963764 0.964972 0.951955
lookAheadGreedyYield 0.964334 0.966457 0.953419
nextEvLexMin 0.961554 0.965049 0.952025
fairShare 0.943645 0.967677 0.954647
FCFS 0.628204 0.87986 0.867737
greedyYield 0.969326 0.970214 0.957019
greedyCom 0.936218 0.987923 0.974548
Set10Learn 0.928814 0.976811 0.963532
fixedWindow 0.968852 0.969801 0.956625
lookAheadGreedyYield 0.971776 0.972628 0.959403
nextEvLexMin 0.967625 0.9689 0.955729
fairShare 0.920802 0.968098 0.955147
FCFS 0.613438 0.891412 0.879463
greedyYield 0.964332 0.966594 0.953465
greedyCom 0.940232 0.988268 0.97497
Set10Learn 0.947863 0.978273 0.965004
fixedWindow 0.964006 0.96626 0.953153
lookAheadGreedyYield 0.963944 0.969554 0.956419
nextEvLexMin 0.959438 0.966555 0.953458
fairShare 0.930416 0.967372 0.954283
FCFS 0.484664 0.880703 0.868584
greedyYield 0.969089 0.970314 0.957032
greedyCom 0.937431 0.987949 0.974498
Set10Learn 0.93462 0.978586 0.965212
fixedWindow 0.969331 0.970509 0.957234
lookAheadGreedyYield 0.971209 0.973015 0.959703
nextEvLexMin 0.966484 0.969485 0.956233
fairShare 0.923126 0.96471 0.951382
FCFS 0.448008 0.883029 0.871058
greedyYield 0.966497 0.967862 0.954404
greedyCom 0.909471 0.987057 0.973334
Set10Learn 0.954669 0.978604 0.964985
fixedWindow 0.96645 0.967626 0.954174
lookAheadGreedyYield 0.966507 0.969643 0.95616
nextEvLexMin 0.9638 0.96699 0.953566
fairShare 0.940843 0.966686 0.95353
FCFS 0.480263 0.893637 0.881519
greedyYield 0.971535 0.972875 0.959543
greedyCom 0.940581 0.987875 0.974354
Set10Learn 0.953334 0.980111 0.966673
fixedWindow 0.971481 0.972819 0.959494
lookAheadGreedyYield 0.972964 0.97466 0.961301
nextEvLexMin 0.941507 0.970918 0.957633
fairShare 0.936151 0.968056 0.955042
FCFS 0.6136 0.886939 0.875042
greedyYield 0.96711 0.968101 0.954965
greedyCom 0.920019 0.987175 0.973839
Set10Learn 0.937318 0.978338 0.965065
fixedWindow 0.967147 0.968065 0.954936
lookAheadGreedyYield 0.969489 0.971581 0.958398
nextEvLexMin 0.966123 0.96898 0.955861
fairShare 0.917818 0.9646 0.951425
FCFS 0.461619 0.874419 0.862444
greedyYield 0.96081 0.962459 0.949144
greedyCom 0.932542 0.987275 0.973718
Set10Learn 0.917185 0.974627 0.961154
fixedWindow 0.960718 0.962302 0.948995
lookAheadGreedyYield 0.962705 0.965216 0.951881
nextEvLexMin 0.958169 0.962129 0.948863
fairShare 0.930618 0.968026 0.954986
FCFS 0.573466 0.877659 0.865673
greedyYield 0.964136 0.965565 0.952399
greedyCom 0.92161 0.987536 0.974156
Set10Learn 0.929782 0.975373 0.96212
fixedWindow 0.964039 0.965111 0.951956
lookAheadGreedyYield 0.966383 0.969596 0.95637
nextEvLexMin 0.961327 0.964519 0.951408
fairShare 0.93973 0.967716 0.954713
FCFS 0.51758 0.857574 0.8457
greedyYield 0.961796 0.963492 0.950365
greedyCom 0.93197 0.987468 0.974084
Set10Learn 0.917072 0.975559 0.962246
fixedWindow 0.961968 0.963746 0.950626
lookAheadGreedyYield 0.962984 0.96544 0.95229
nextEvLexMin 0.958123 0.96211 0.949025
