fairShare 0.918295 0.966098 0.949028
FCFS 0.648776 0.845359 0.832284
greedyYield 0.956775 0.949607 0.932403
greedyCom 0.90906 0.987953 0.970309
Set10Learn 0.932409 0.960059 0.942996
fixedWindow 0.956542 0.948745 0.931581
lookAheadGreedyYield 0.955523 0.951057 0.933903
nextEvLexMin 0.887797 0.948387 0.931802
fairShare 0.940401 0.968772 0.954354
FCFS 0.651917 0.89536 0.88317
greedyYield 0.959843 0.961549 0.946979
greedyCom 0.941783 0.988892 0.973988
Set10Learn 0.944814 0.969277 0.954726
fixedWindow 0.959843 0.961191 0.946635
lookAheadGreedyYield 0.959843 0.963848 0.949242
nextEvLexMin 0.875971 0.961751 0.947567
fairShare 0.934376 0.967803 0.954508
FCFS 0.747664 0.869068 0.857012
greedyYield 0.958735 0.955728 0.942388
greedyCom 0.929129 0.986541 0.972898
Set10Learn 0.926412 0.965379 0.951947
fixedWindow 0.958684 0.955893 0.942576
lookAheadGreedyYield 0.958058 0.955033 0.941711
nextEvLexMin 0.95531 0.954554 0.941274
fairShare 0.942133 0.968616 0.955482
FCFS 0.7079 0.882659 0.870647
greedyYield 0.960428 0.956153 0.942991
greedyCom 0.944497 0.988262 0.974835
Set10Learn 0.952288 0.971766 0.958515
fixedWindow 0.960516 0.956286 0.943156
lookAheadGreedyYield 0.960968 0.96046 0.947275
nextEvLexMin 0.955218 0.959096 0.945932
fairShare 0.903243 0.962653 0.949834
FCFS 0.723801 0.857727 0.846111
greedyYield 0.952466 0.946445 0.933528
greedyCom 0.894325 0.986867 0.973563
Set10Learn 0.91656 0.959893 0.94694
fixedWindow 0.952391 0.946466 0.933566
lookAheadGreedyYield 0.951871 0.948838 0.935914
nextEvLexMin 0.951094 0.950968 0.938059
fairShare 0.915459 0.963968 0.95069
FCFS 0.704397 0.838677 0.826733
greedyYield 0.94522 0.931564 0.918353
greedyCom 0.919192 0.986978 0.973388
Set10Learn 0.924845 0.960505 0.947049
fixedWindow 0.945118 0.931706 0.918553
lookAheadGreedyYield 0.947233 0.939283 0.926031
nextEvLexMin 0.943275 0.936846 0.923637
fairShare 0.939393 0.967673 0.954479
FCFS 0.776947 0.884054 0.872023
greedyYield 0.960772 0.953945 0.940648
greedyCom 0.935787 0.987346 0.973781
Set10Learn 0.942662 0.970298 0.956913
fixedWindow 0.961061 0.954794 0.94154
lookAheadGreedyYield 0.962228 0.960126 0.94679
nextEvLexMin 0.958781 0.959176 0.945889
fairShare 0.932383 0.967844 0.954831
FCFS 0.733849 0.896359 0.884223
greedyYield 0.960601 0.959245 0.946133
greedyCom 0.942167 0.988245 0.974885
Set10Learn 0.940848 0.973315 0.960118
fixedWindow 0.960735 0.959907 0.946819
lookAheadGreedyYield 0.960891 0.961777 0.948658
nextEvLexMin 0.958816 0.960316 0.947243
fairShare 0.917779 0.96229 0.94873
FCFS 0.738591 0.856391 0.844483
greedyYield 0.949965 0.941741 0.928219
greedyCom 0.901235 0.98445 0.970503
Set10Learn 0.917626 0.954019 0.94045
fixedWindow 0.950054 0.941942 0.928452
lookAheadGreedyYield 0.947375 0.945386 0.931852
nextEvLexMin 0.944227 0.94742 0.933917
fairShare 0.914341 0.969722 0.956943
FCFS 0.807457 0.887332 0.875443
greedyYield 0.943903 0.937487 0.92476
greedyCom 0.912753 0.988484 0.975405
Set10Learn 0.925574 0.966074 0.953134
fixedWindow 0.94407 0.937697 0.925103
lookAheadGreedyYield 0.940206 0.940027 0.92737
nextEvLexMin 0.93967 0.942133 0.929464
