fairShare 0.80698 0.895066 0.878662
FCFS 0.23472 0.816458 0.801314
greedyYield 0.879353 0.881357 0.864646
greedyCom 0.329505 0.933701 0.916421
Set10Learn 0.566202 0.90378 0.88663
fixedWindow 0.879123 0.881125 0.864421
lookAheadGreedyYield 0.875104 0.885548 0.868869
nextEvLexMin 0.873338 0.88523 0.868624
fairShare 0.798268 0.891193 0.875049
FCFS 0.434237 0.793721 0.778985
greedyYield 0.8779 0.879167 0.862721
greedyCom 0.277027 0.931822 0.914813
Set10Learn 0.58631 0.913384 0.896544
fixedWindow 0.877748 0.878908 0.862476
lookAheadGreedyYield 0.868455 0.884031 0.867544
nextEvLexMin 0.865776 0.881859 0.865489
fairShare 0.798887 0.894105 0.878085
FCFS 0.469205 0.787505 0.77263
greedyYield 0.884609 0.885606 0.86919
greedyCom 0.357284 0.936837 0.919852
Set10Learn 0.660043 0.910614 0.893829
fixedWindow 0.88476 0.885761 0.869347
lookAheadGreedyYield 0.882502 0.888754 0.872309
nextEvLexMin 0.880864 0.888838 0.872483
fairShare 0.781693 0.889893 0.873741
FCFS 0.531275 0.793659 0.778738
greedyYield 0.870311 0.87084 0.85451
greedyCom 0.370695 0.935041 0.918091
Set10Learn 0.586503 0.905939 0.889059
fixedWindow 0.87036 0.870885 0.854562
lookAheadGreedyYield 0.844949 0.867221 0.851006
nextEvLexMin 0.85054 0.866008 0.849891
fairShare 0.816954 0.884026 0.86761
FCFS 0.419179 0.799235 0.784193
greedyYield 0.878094 0.87859 0.861985
greedyCom 0.314188 0.928737 0.911612
Set10Learn 0.544002 0.900974 0.88398
fixedWindow 0.878066 0.878552 0.86195
lookAheadGreedyYield 0.875453 0.877869 0.861276
nextEvLexMin 0.8683 0.876894 0.860352
fairShare 0.810898 0.893099 0.876785
FCFS 0.329031 0.781807 0.766945
greedyYield 0.880796 0.882063 0.865459
greedyCom 0.492389 0.941017 0.923776
Set10Learn 0.550509 0.90912 0.89209
fixedWindow 0.880716 0.881963 0.865366
lookAheadGreedyYield 0.871608 0.880447 0.863911
nextEvLexMin 0.827344 0.883469 0.866979
fairShare 0.808409 0.893626 0.877494
FCFS 0.514075 0.796797 0.781934
greedyYield 0.869516 0.870582 0.854275
greedyCom 0.315192 0.936762 0.919837
Set10Learn 0.635975 0.903784 0.886951
fixedWindow 0.869489 0.870562 0.85426
lookAheadGreedyYield 0.854831 0.876566 0.860265
nextEvLexMin 0.854832 0.87423 0.858023
fairShare 0.801411 0.898053 0.881882
FCFS 0.366611 0.817154 0.802284
greedyYield 0.87983 0.880985 0.864431
greedyCom 0.220037 0.937359 0.920242
Set10Learn 0.55961 0.887257 0.870308
fixedWindow 0.879707 0.880861 0.864313
lookAheadGreedyYield 0.841875 0.873192 0.85684
nextEvLexMin 0.866828 0.878605 0.862232
fairShare 0.806666 0.892291 0.87617
FCFS 0.355677 0.811019 0.796093
greedyYield 0.883632 0.88461 0.868192
greedyCom 0.253933 0.936739 0.91972
Set10Learn 0.582566 0.901703 0.884899
fixedWindow 0.883687 0.884641 0.868228
lookAheadGreedyYield 0.845554 0.884232 0.867837
nextEvLexMin 0.858631 0.883962 0.867607
fairShare 0.787627 0.888377 0.872177
FCFS 0.438748 0.772093 0.75722
greedyYield 0.866697 0.869174 0.852802
greedyCom 0.292094 0.939364 0.922351
Set10Learn 0.564405 0.906531 0.889701
fixedWindow 0.866574 0.869054 0.852691
lookAheadGreedyYield 0.863205 0.870985 0.854619
nextEvLexMin 0.857538 0.869651 0.853315
