fairShare 0.767003 0.875042 0.858932
FCFS 0.285609 0.822493 0.807408
greedyYield 0.8684 0.871691 0.855163
greedyCom 0.262338 0.924066 0.907299
Set10Learn 0.636735 0.880885 0.864199
fixedWindow 0.868388 0.87169 0.855185
lookAheadGreedyYield 0.84967 0.878227 0.861711
nextEvLexMin 0.855078 0.87922 0.862719
fairShare 0.79016 0.889687 0.873785
FCFS 0.238352 0.820129 0.805136
greedyYield 0.879914 0.882445 0.866153
greedyCom 0.438766 0.935486 0.918703
Set10Learn 0.657474 0.899346 0.882754
fixedWindow 0.879659 0.882183 0.865913
lookAheadGreedyYield 0.868162 0.890954 0.87458
nextEvLexMin 0.860726 0.885421 0.869195
fairShare 0.808363 0.89908 0.88311
FCFS 0.351048 0.800836 0.786064
greedyYield 0.8789 0.88253 0.866213
greedyCom 0.465991 0.942237 0.925479
Set10Learn 0.659824 0.891413 0.874877
fixedWindow 0.879184 0.882771 0.866478
lookAheadGreedyYield 0.871141 0.895612 0.879181
nextEvLexMin 0.868388 0.896387 0.879981
fairShare 0.772149 0.904413 0.888578
FCFS 0.319741 0.816581 0.801814
greedyYield 0.889226 0.891508 0.875257
greedyCom 0.497969 0.946633 0.929977
Set10Learn 0.676684 0.895698 0.879193
fixedWindow 0.888827 0.8911 0.874874
lookAheadGreedyYield 0.874345 0.89806 0.881815
nextEvLexMin 0.877866 0.896532 0.880353
fairShare 0.74411 0.890096 0.8743
FCFS 0.202967 0.789235 0.774474
greedyYield 0.878453 0.882292 0.8659
greedyCom 0.536153 0.939539 0.922752
Set10Learn 0.73214 0.897575 0.881041
fixedWindow 0.878425 0.882253 0.865871
lookAheadGreedyYield 0.867935 0.891452 0.875058
nextEvLexMin 0.865589 0.89309 0.8767
fairShare 0.786228 0.886211 0.870461
FCFS 0.308708 0.790711 0.77573
greedyYield 0.874898 0.879116 0.86277
greedyCom 0.419711 0.940148 0.923387
Set10Learn 0.681321 0.897219 0.880711
fixedWindow 0.874944 0.879064 0.862743
lookAheadGreedyYield 0.874246 0.891254 0.87481
nextEvLexMin 0.873003 0.888433 0.872087
fairShare 0.758504 0.889412 0.873519
FCFS 0.235971 0.80488 0.790005
greedyYield 0.878449 0.880525 0.864266
greedyCom 0.418432 0.941702 0.924909
Set10Learn 0.677483 0.893939 0.87752
fixedWindow 0.878356 0.880379 0.864142
lookAheadGreedyYield 0.858063 0.888578 0.872274
nextEvLexMin 0.873566 0.887779 0.871527
fairShare 0.822964 0.898445 0.8825
FCFS 0.295193 0.809661 0.795244
greedyYield 0.893147 0.895193 0.878823
greedyCom 0.52361 0.941628 0.924795
Set10Learn 0.667367 0.906627 0.889983
fixedWindow 0.89306 0.895077 0.878716
lookAheadGreedyYield 0.879771 0.903226 0.886801
nextEvLexMin 0.872713 0.905384 0.888951
fairShare 0.796376 0.899157 0.883282
FCFS 0.212619 0.819974 0.805332
greedyYield 0.893224 0.895175 0.878781
greedyCom 0.412994 0.943347 0.926582
Set10Learn 0.681541 0.893457 0.876849
fixedWindow 0.893864 0.895726 0.879344
lookAheadGreedyYield 0.839916 0.891049 0.874836
nextEvLexMin 0.884236 0.895336 0.879013
fairShare 0.76854 0.895289 0.879264
FCFS 0.190045 0.803963 0.789007
greedyYield 0.873203 0.876742 0.860285
greedyCom 0.35618 0.942632 0.925811
Set10Learn 0.643344 0.885937 0.869307
fixedWindow 0.873312 0.876803 0.860363
lookAheadGreedyYield 0.858788 0.88566 0.869158
nextEvLexMin 0.846211 0.884584 0.868204
