fairShare 0.92854 0.970767 0.957885
FCFS 0.62864 0.879345 0.867457
greedyYield 0.960894 0.962629 0.949697
greedyCom 0.931826 0.988849 0.975659
Set10Learn 0.923344 0.974009 0.960984
fixedWindow 0.96046 0.962271 0.949357
lookAheadGreedyYield 0.961348 0.966112 0.953147
nextEvLexMin 0.958693 0.963302 0.950386
fairShare 0.931295 0.96701 0.953887
FCFS 0.554502 0.873359 0.861326
greedyYield 0.962335 0.964497 0.951278
greedyCom 0.932144 0.987874 0.974404
Set10Learn 0.923396 0.977036 0.963692
fixedWindow 0.962108 0.964247 0.951042
lookAheadGreedyYield 0.96523 0.968778 0.955503
nextEvLexMin 0.961549 0.965455 0.952253
fairShare 0.9363 0.967169 0.953388
FCFS 0.370056 0.888988 0.8767
greedyYield 0.967515 0.968935 0.955024
greedyCom 0.935481 0.987629 0.973462
Set10Learn 0.935393 0.976709 0.96271
fixedWindow 0.967417 0.968821 0.954914
lookAheadGreedyYield 0.970196 0.972307 0.958358
nextEvLexMin 0.946888 0.968825 0.954944
fairShare 0.938121 0.968675 0.95577
FCFS 0.646798 0.898 0.885969
greedyYield 0.966361 0.968435 0.955407
greedyCom 0.916994 0.988047 0.974811
Set10Learn 0.940464 0.976849 0.963712
fixedWindow 0.96611 0.968462 0.955444
lookAheadGreedyYield 0.96698 0.969959 0.956915
nextEvLexMin 0.964081 0.968457 0.955441
fairShare 0.937926 0.966454 0.953356
FCFS 0.479519 0.898151 0.886072
greedyYield 0.969441 0.970588 0.957324
greedyCom 0.954097 0.987384 0.973928
Set10Learn 0.940611 0.975504 0.962174
fixedWindow 0.96949 0.970776 0.957519
lookAheadGreedyYield 0.971115 0.972516 0.959235
nextEvLexMin 0.968188 0.970148 0.956894
fairShare 0.930022 0.968734 0.955831
FCFS 0.519808 0.888342 0.876425
greedyYield 0.964376 0.96623 0.953147
greedyCom 0.934593 0.988344 0.975069
Set10Learn 0.941291 0.975385 0.9622
fixedWindow 0.964835 0.966634 0.953552
lookAheadGreedyYield 0.962704 0.970751 0.957614
nextEvLexMin 0.958164 0.967781 0.954727
fairShare 0.94014 0.970451 0.957534
FCFS 0.485973 0.870095 0.858472
greedyYield 0.965726 0.967911 0.954911
greedyCom 0.947065 0.988915 0.975644
Set10Learn 0.934937 0.972394 0.959357
fixedWindow 0.965162 0.96755 0.954557
lookAheadGreedyYield 0.96761 0.970258 0.957233
nextEvLexMin 0.957904 0.965715 0.952742
fairShare 0.928221 0.966862 0.953783
FCFS 0.51202 0.885819 0.873974
greedyYield 0.962831 0.964489 0.951332
greedyCom 0.946808 0.987631 0.974195
Set10Learn 0.915105 0.974707 0.961398
fixedWindow 0.962461 0.963757 0.950616
lookAheadGreedyYield 0.965061 0.968166 0.954955
nextEvLexMin 0.958853 0.965336 0.952191
fairShare 0.935547 0.968063 0.954935
FCFS 0.484869 0.880593 0.868699
greedyYield 0.967831 0.968875 0.955607
greedyCom 0.90816 0.987538 0.974074
Set10Learn 0.944334 0.974078 0.96073
fixedWindow 0.967945 0.968851 0.955586
lookAheadGreedyYield 0.969485 0.971232 0.957933
nextEvLexMin 0.966911 0.970286 0.957023
fairShare 0.945436 0.96666 0.953112
FCFS 0.414374 0.882381 0.870333
greedyYield 0.966414 0.967792 0.954061
greedyCom 0.95524 0.988164 0.974227
Set10Learn 0.935601 0.976416 0.962579
fixedWindow 0.966764 0.968088 0.954356
lookAheadGreedyYield 0.968581 0.970342 0.956576
nextEvLexMin 0.964876 0.96766 0.953947
