fairShare 0.937042 0.968557 0.953757
FCFS 0.341218 0.876934 0.864577
greedyYield 0.96713 0.968909 0.954043
greedyCom 0.943785 0.988833 0.973678
Set10Learn 0.931415 0.976363 0.961415
fixedWindow 0.96719 0.969174 0.954306
lookAheadGreedyYield 0.968597 0.972833 0.957917
nextEvLexMin 0.895783 0.969754 0.955058
fairShare 0.932368 0.96798 0.954963
FCFS 0.606676 0.874624 0.862746
greedyYield 0.963466 0.965419 0.9523
greedyCom 0.941909 0.988081 0.974705
Set10Learn 0.946823 0.973631 0.960395
fixedWindow 0.963288 0.965558 0.95245
lookAheadGreedyYield 0.967276 0.970757 0.957578
nextEvLexMin 0.962289 0.966859 0.953741
fairShare 0.939752 0.969577 0.956214
FCFS 0.437587 0.872699 0.860669
greedyYield 0.96663 0.968985 0.955555
greedyCom 0.954216 0.988021 0.974338
Set10Learn 0.950316 0.977826 0.964286
fixedWindow 0.967078 0.969505 0.956067
lookAheadGreedyYield 0.964869 0.971271 0.95779
nextEvLexMin 0.961622 0.968334 0.954928
fairShare 0.941705 0.968321 0.955129
FCFS 0.474455 0.89122 0.87913
greedyYield 0.966568 0.968408 0.955111
greedyCom 0.948145 0.987937 0.974412
Set10Learn 0.941221 0.973804 0.960418
fixedWindow 0.966798 0.968595 0.955305
lookAheadGreedyYield 0.966705 0.970552 0.957253
nextEvLexMin 0.963251 0.96735 0.954104
fairShare 0.933094 0.967845 0.954807
FCFS 0.495998 0.875886 0.864068
greedyYield 0.966475 0.968628 0.955411
greedyCom 0.92862 0.987344 0.973928
Set10Learn 0.948417 0.976289 0.962986
fixedWindow 0.966466 0.968623 0.955415
lookAheadGreedyYield 0.968047 0.971237 0.95799
nextEvLexMin 0.964231 0.969453 0.956254
fairShare 0.927486 0.967376 0.954368
FCFS 0.628128 0.893903 0.881892
greedyYield 0.965078 0.967106 0.954013
greedyCom 0.923237 0.987849 0.974499
Set10Learn 0.918733 0.975348 0.962128
fixedWindow 0.965393 0.967219 0.954134
lookAheadGreedyYield 0.968009 0.970395 0.957269
nextEvLexMin 0.965439 0.96874 0.955606
fairShare 0.944013 0.971177 0.958139
FCFS 0.558651 0.857086 0.845371
greedyYield 0.96399 0.965683 0.952611
greedyCom 0.951255 0.988987 0.975664
Set10Learn 0.92804 0.973714 0.96055
fixedWindow 0.964247 0.96592 0.952853
lookAheadGreedyYield 0.965679 0.968944 0.955836
nextEvLexMin 0.961753 0.965986 0.952935
fairShare 0.923812 0.964852 0.951723
FCFS 0.632721 0.877661 0.865569
greedyYield 0.95607 0.957774 0.94461
greedyCom 0.926178 0.987448 0.973952
Set10Learn 0.911511 0.971761 0.958382
fixedWindow 0.956055 0.95778 0.94463
lookAheadGreedyYield 0.956476 0.961289 0.94809
nextEvLexMin 0.955941 0.96089 0.947714
fairShare 0.920547 0.966731 0.95365
FCFS 0.586178 0.862349 0.850311
greedyYield 0.955478 0.957412 0.944358
greedyCom 0.919659 0.987646 0.974242
Set10Learn 0.905722 0.972728 0.959464
fixedWindow 0.955691 0.957621 0.944577
lookAheadGreedyYield 0.957229 0.962373 0.949278
nextEvLexMin 0.953945 0.959301 0.946232
fairShare 0.932789 0.970659 0.958003
FCFS 0.69339 0.89175 0.879993
greedyYield 0.966841 0.968309 0.955577
greedyCom 0.945823 0.988434 0.975467
Set10Learn 0.928766 0.976254 0.963429
fixedWindow 0.966977 0.968465 0.955742
lookAheadGreedyYield 0.971154 0.972924 0.960155
nextEvLexMin 0.967119 0.969737 0.956991
