fairShare 0.903503 0.952605 0.938344
FCFS 0.565555 0.858346 0.845305
greedyYield 0.948265 0.949774 0.935365
greedyCom 0.899306 0.982103 0.967282
Set10Learn 0.895308 0.966587 0.951955
fixedWindow 0.948483 0.949815 0.935418
lookAheadGreedyYield 0.951281 0.953657 0.939219
nextEvLexMin 0.94747 0.950457 0.936059
fairShare 0.864668 0.946986 0.93255
FCFS 0.519386 0.836603 0.823538
greedyYield 0.94195 0.943955 0.92927
greedyCom 0.799336 0.979294 0.964176
Set10Learn 0.869392 0.960244 0.945357
fixedWindow 0.941327 0.94338 0.928712
lookAheadGreedyYield 0.938551 0.94625 0.931551
nextEvLexMin 0.93744 0.944009 0.929358
fairShare 0.90221 0.948565 0.934196
FCFS 0.406183 0.858725 0.845668
greedyYield 0.949896 0.950654 0.936052
greedyCom 0.889813 0.981231 0.966302
Set10Learn 0.885823 0.960985 0.946224
fixedWindow 0.950019 0.950749 0.936152
lookAheadGreedyYield 0.951631 0.954522 0.939874
nextEvLexMin 0.947939 0.951882 0.937303
fairShare 0.902874 0.948943 0.934597
FCFS 0.55861 0.857257 0.844202
greedyYield 0.945214 0.946849 0.932364
greedyCom 0.908509 0.982038 0.967135
Set10Learn 0.898803 0.968171 0.953385
fixedWindow 0.945262 0.94688 0.932406
lookAheadGreedyYield 0.945895 0.951247 0.936716
nextEvLexMin 0.935818 0.944979 0.930536
fairShare 0.902476 0.952139 0.937774
FCFS 0.420251 0.847544 0.834739
greedyYield 0.94095 0.942905 0.928419
greedyCom 0.869444 0.981231 0.96629
Set10Learn 0.868771 0.956016 0.94126
fixedWindow 0.940865 0.942781 0.928304
lookAheadGreedyYield 0.943833 0.946808 0.932276
nextEvLexMin 0.936097 0.943332 0.928872
fairShare 0.895586 0.946818 0.932297
FCFS 0.416475 0.829933 0.816824
greedyYield 0.938289 0.94067 0.925967
greedyCom 0.837265 0.978586 0.963479
Set10Learn 0.858724 0.957121 0.942187
fixedWindow 0.938294 0.940694 0.926003
lookAheadGreedyYield 0.940183 0.945109 0.930362
nextEvLexMin 0.928413 0.938959 0.924305
fairShare 0.899599 0.9474 0.932864
FCFS 0.373316 0.843727 0.830748
greedyYield 0.943849 0.945029 0.9303
greedyCom 0.889277 0.981505 0.966335
Set10Learn 0.908241 0.962891 0.947926
fixedWindow 0.943667 0.944861 0.930139
lookAheadGreedyYield 0.944445 0.948092 0.93333
nextEvLexMin 0.908263 0.94801 0.93331
fairShare 0.897541 0.945668 0.931357
FCFS 0.556427 0.854366 0.841204
greedyYield 0.952683 0.95376 0.93916
greedyCom 0.901474 0.981206 0.96627
Set10Learn 0.883403 0.963451 0.948703
fixedWindow 0.952541 0.953602 0.939018
lookAheadGreedyYield 0.955291 0.957721 0.943083
nextEvLexMin 0.946802 0.953567 0.939003
fairShare 0.899836 0.951657 0.937323
FCFS 0.429784 0.861055 0.847912
greedyYield 0.952473 0.953717 0.939086
greedyCom 0.882662 0.981167 0.966264
Set10Learn 0.895062 0.964546 0.949727
fixedWindow 0.951786 0.953027 0.938417
lookAheadGreedyYield 0.952891 0.955924 0.941267
nextEvLexMin 0.948482 0.952703 0.93812
fairShare 0.914615 0.951685 0.937488
FCFS 0.477597 0.86932 0.856443
greedyYield 0.954464 0.95573 0.941293
greedyCom 0.918936 0.982749 0.967968
Set10Learn 0.874735 0.965873 0.951322
fixedWindow 0.954411 0.955655 0.941225
lookAheadGreedyYield 0.955994 0.95949 0.945012
nextEvLexMin 0.949893 0.954846 0.94047
