fairShare 0.938106 0.966989 0.953847
FCFS 0.729517 0.904856 0.892503
greedyYield 0.966374 0.967092 0.953799
greedyCom 0.943898 0.988229 0.974713
Set10Learn 0.932273 0.976985 0.963547
fixedWindow 0.966318 0.967023 0.953737
lookAheadGreedyYield 0.968599 0.969901 0.956581
nextEvLexMin 0.964581 0.967007 0.95373
fairShare 0.935653 0.96739 0.953797
FCFS 0.391017 0.885176 0.872697
greedyYield 0.965215 0.965833 0.952135
greedyCom 0.944861 0.988257 0.974311
Set10Learn 0.945218 0.979124 0.965264
fixedWindow 0.965142 0.965746 0.952053
lookAheadGreedyYield 0.968319 0.969877 0.956132
nextEvLexMin 0.950838 0.965569 0.951891
fairShare 0.925421 0.964897 0.952
FCFS 0.724284 0.895291 0.883162
greedyYield 0.966098 0.967265 0.954207
greedyCom 0.929178 0.98763 0.974359
Set10Learn 0.924062 0.977356 0.964176
fixedWindow 0.965426 0.966457 0.953416
lookAheadGreedyYield 0.966908 0.968624 0.95555
nextEvLexMin 0.963826 0.965889 0.952847
fairShare 0.944988 0.968874 0.955616
FCFS 0.530372 0.899378 0.887123
greedyYield 0.965062 0.966887 0.953534
greedyCom 0.948948 0.988499 0.974892
Set10Learn 0.952253 0.980212 0.966671
fixedWindow 0.964799 0.966513 0.953165
lookAheadGreedyYield 0.967324 0.969559 0.956168
nextEvLexMin 0.958764 0.965104 0.951822
fairShare 0.936253 0.968053 0.954563
FCFS 0.47921 0.887043 0.874593
greedyYield 0.966023 0.966978 0.953396
greedyCom 0.937759 0.987941 0.974098
Set10Learn 0.949579 0.979366 0.965605
fixedWindow 0.965953 0.966863 0.953287
lookAheadGreedyYield 0.967921 0.969107 0.955501
nextEvLexMin 0.932832 0.966373 0.952807
fairShare 0.939235 0.968605 0.955479
FCFS 0.660906 0.910031 0.897689
greedyYield 0.969971 0.97075 0.957467
greedyCom 0.96006 0.988284 0.9748
Set10Learn 0.951379 0.97873 0.965351
fixedWindow 0.969646 0.970483 0.957207
lookAheadGreedyYield 0.971508 0.97288 0.959574
nextEvLexMin 0.96827 0.970909 0.957644
fairShare 0.931825 0.964947 0.951767
FCFS 0.726616 0.892626 0.880463
greedyYield 0.964312 0.964888 0.95161
greedyCom 0.939186 0.987466 0.973939
Set10Learn 0.944492 0.97826 0.964811
fixedWindow 0.964163 0.96473 0.951461
lookAheadGreedyYield 0.964677 0.966799 0.953507
nextEvLexMin 0.962021 0.963494 0.950258
fairShare 0.93807 0.968008 0.954435
FCFS 0.411042 0.887778 0.875355
greedyYield 0.967714 0.968445 0.954761
greedyCom 0.94106 0.987911 0.974013
Set10Learn 0.925858 0.976292 0.962498
fixedWindow 0.967737 0.968442 0.954762
lookAheadGreedyYield 0.969908 0.970789 0.957074
nextEvLexMin 0.96605 0.968749 0.95508
fairShare 0.938779 0.968902 0.955832
FCFS 0.691664 0.905886 0.893599
greedyYield 0.969331 0.970095 0.956856
greedyCom 0.95598 0.988379 0.974987
Set10Learn 0.953645 0.979792 0.966473
fixedWindow 0.969293 0.97005 0.956816
lookAheadGreedyYield 0.969971 0.971501 0.958247
nextEvLexMin 0.968119 0.969635 0.956409
fairShare 0.935212 0.966917 0.953794
FCFS 0.744994 0.89737 0.885064
greedyYield 0.966311 0.967139 0.953869
greedyCom 0.947344 0.987763 0.974279
Set10Learn 0.948346 0.976808 0.963437
fixedWindow 0.966259 0.967097 0.953832
lookAheadGreedyYield 0.96851 0.969896 0.956597
nextEvLexMin 0.965249 0.967257 0.953994
