fairShare 0.92854 0.971011 0.958139
FCFS 0.784909 0.881078 0.86912
greedyYield 0.956335 0.948332 0.935462
greedyCom 0.925151 0.98871 0.975553
Set10Learn 0.930248 0.970109 0.957096
fixedWindow 0.956341 0.948298 0.935472
lookAheadGreedyYield 0.955165 0.952206 0.939321
nextEvLexMin 0.955797 0.954514 0.941636
fairShare 0.931295 0.966897 0.953645
FCFS 0.745999 0.867241 0.855091
greedyYield 0.955266 0.949027 0.935728
greedyCom 0.936746 0.987867 0.974284
Set10Learn 0.933376 0.974181 0.960678
fixedWindow 0.955094 0.948744 0.935493
lookAheadGreedyYield 0.954785 0.953081 0.939768
nextEvLexMin 0.952947 0.951994 0.938707
fairShare 0.9363 0.965955 0.952156
FCFS 0.666281 0.888543 0.876193
greedyYield 0.960661 0.958535 0.944586
greedyCom 0.94225 0.987556 0.973343
Set10Learn 0.944961 0.974288 0.960263
fixedWindow 0.960642 0.958462 0.944535
lookAheadGreedyYield 0.96074 0.961643 0.947683
nextEvLexMin 0.944421 0.960323 0.946436
fairShare 0.938121 0.969907 0.957035
FCFS 0.805569 0.898427 0.886451
greedyYield 0.956796 0.956765 0.94384
greedyCom 0.939478 0.98855 0.975368
Set10Learn 0.935711 0.973005 0.959953
fixedWindow 0.957608 0.957323 0.944401
lookAheadGreedyYield 0.957574 0.95983 0.946881
nextEvLexMin 0.95651 0.9594 0.946471
fairShare 0.937926 0.965183 0.951954
FCFS 0.725292 0.89786 0.885657
greedyYield 0.96407 0.965566 0.952168
greedyCom 0.95011 0.987109 0.973514
Set10Learn 0.940385 0.968022 0.954626
fixedWindow 0.964072 0.965264 0.951877
lookAheadGreedyYield 0.964557 0.968083 0.954629
nextEvLexMin 0.963211 0.966886 0.953497
fairShare 0.930022 0.969863 0.95691
FCFS 0.730276 0.889515 0.877484
greedyYield 0.955056 0.95279 0.939803
greedyCom 0.929853 0.988871 0.97558
Set10Learn 0.93398 0.973773 0.960626
fixedWindow 0.955017 0.952493 0.939541
lookAheadGreedyYield 0.955795 0.957085 0.944043
nextEvLexMin 0.954257 0.957165 0.944188
fairShare 0.94014 0.971601 0.95883
FCFS 0.737762 0.876164 0.864741
greedyYield 0.960031 0.957113 0.944251
greedyCom 0.932858 0.988756 0.975679
Set10Learn 0.945752 0.966681 0.953883
fixedWindow 0.960317 0.957444 0.944596
lookAheadGreedyYield 0.960991 0.95928 0.946403
nextEvLexMin 0.952214 0.957734 0.944937
fairShare 0.928221 0.96926 0.956317
FCFS 0.732965 0.891668 0.879912
greedyYield 0.958161 0.957531 0.94452
greedyCom 0.940648 0.988281 0.974998
Set10Learn 0.926998 0.973435 0.960374
fixedWindow 0.957794 0.95655 0.943562
lookAheadGreedyYield 0.955392 0.95757 0.944562
nextEvLexMin 0.95463 0.958754 0.945753
fairShare 0.935547 0.969573 0.95648
FCFS 0.735107 0.880139 0.868252
greedyYield 0.959492 0.957746 0.944505
greedyCom 0.937529 0.988993 0.975586
Set10Learn 0.940275 0.967842 0.954621
fixedWindow 0.959478 0.957597 0.944397
lookAheadGreedyYield 0.959662 0.960862 0.947598
nextEvLexMin 0.958274 0.961635 0.948405
fairShare 0.945436 0.969014 0.955533
FCFS 0.679993 0.880513 0.868495
greedyYield 0.961159 0.962142 0.948516
greedyCom 0.951833 0.987766 0.973964
Set10Learn 0.942995 0.969401 0.955795
fixedWindow 0.960956 0.962127 0.948494
lookAheadGreedyYield 0.96085 0.96321 0.949552
nextEvLexMin 0.959681 0.963561 0.949931
