fairShare 0.934053 0.965288 0.951949
FCFS 0.746912 0.86402 0.852067
greedyYield 0.956267 0.949919 0.936505
greedyCom 0.926153 0.986997 0.973234
Set10Learn 0.927393 0.963145 0.949678
fixedWindow 0.956399 0.950538 0.937123
lookAheadGreedyYield 0.956154 0.952034 0.938595
nextEvLexMin 0.954882 0.95321 0.939784
fairShare 0.941191 0.965708 0.952545
FCFS 0.793482 0.884126 0.872013
greedyYield 0.96439 0.962907 0.949606
greedyCom 0.944258 0.986844 0.973329
Set10Learn 0.94918 0.971717 0.958337
fixedWindow 0.964633 0.963315 0.950039
lookAheadGreedyYield 0.965006 0.965127 0.951799
nextEvLexMin 0.961528 0.962382 0.949126
fairShare 0.92759 0.9714 0.9587
FCFS 0.804201 0.896748 0.884921
greedyYield 0.951044 0.949067 0.936432
greedyCom 0.91844 0.988301 0.975327
Set10Learn 0.93795 0.975288 0.962363
fixedWindow 0.95103 0.94833 0.935758
lookAheadGreedyYield 0.950918 0.950744 0.938125
nextEvLexMin 0.950634 0.952325 0.939731
fairShare 0.942869 0.969618 0.95683
FCFS 0.813848 0.891696 0.880021
greedyYield 0.964991 0.96531 0.952373
greedyCom 0.958717 0.988822 0.975711
Set10Learn 0.946551 0.971085 0.958216
fixedWindow 0.964885 0.965165 0.952245
lookAheadGreedyYield 0.965453 0.967059 0.954105
nextEvLexMin 0.963727 0.967645 0.954712
fairShare 0.904727 0.959522 0.946186
FCFS 0.757525 0.868401 0.856137
greedyYield 0.951672 0.944493 0.93102
greedyCom 0.907549 0.98505 0.971288
Set10Learn 0.913616 0.96581 0.952262
fixedWindow 0.951632 0.944203 0.930774
lookAheadGreedyYield 0.951887 0.946168 0.932681
nextEvLexMin 0.948156 0.945324 0.931941
fairShare 0.929649 0.967654 0.954718
FCFS 0.801688 0.888647 0.876761
greedyYield 0.958965 0.954664 0.941603
greedyCom 0.925622 0.98769 0.974405
Set10Learn 0.944612 0.971303 0.958178
fixedWindow 0.959173 0.955282 0.942224
lookAheadGreedyYield 0.956289 0.958152 0.945109
nextEvLexMin 0.956657 0.960303 0.947248
fairShare 0.933575 0.970507 0.957847
FCFS 0.764273 0.873063 0.861392
greedyYield 0.95528 0.945665 0.933006
greedyCom 0.923938 0.98834 0.975434
Set10Learn 0.941745 0.970179 0.957376
fixedWindow 0.955187 0.945431 0.932812
lookAheadGreedyYield 0.956575 0.951378 0.938617
nextEvLexMin 0.951385 0.952375 0.939704
fairShare 0.935739 0.967484 0.954565
FCFS 0.781033 0.89747 0.885502
greedyYield 0.960068 0.960007 0.946994
greedyCom 0.923545 0.987098 0.973778
Set10Learn 0.943092 0.972548 0.959379
fixedWindow 0.959889 0.959042 0.946048
lookAheadGreedyYield 0.960456 0.962977 0.949943
nextEvLexMin 0.958914 0.961949 0.948935
fairShare 0.93953 0.968098 0.95506
FCFS 0.767934 0.894316 0.882335
greedyYield 0.96124 0.964683 0.951527
greedyCom 0.948041 0.988398 0.975005
Set10Learn 0.940468 0.975746 0.962533
fixedWindow 0.961218 0.964647 0.951521
lookAheadGreedyYield 0.962117 0.967465 0.954292
nextEvLexMin 0.960071 0.966386 0.95322
fairShare 0.931002 0.969727 0.956358
FCFS 0.698917 0.844455 0.83247
greedyYield 0.953778 0.943297 0.929992
greedyCom 0.922954 0.987447 0.97386
Set10Learn 0.93558 0.964911 0.95143
fixedWindow 0.954196 0.945789 0.932529
lookAheadGreedyYield 0.952879 0.946979 0.933673
nextEvLexMin 0.94408 0.948951 0.935666
