fairShare 0.86374 0.92534 0.909878
FCFS 0.295352 0.826155 0.812468
greedyYield 0.919428 0.921248 0.905507
greedyCom 0.83551 0.969079 0.952686
Set10Learn 0.792128 0.943587 0.927473
fixedWindow 0.919095 0.920924 0.905193
lookAheadGreedyYield 0.906995 0.927176 0.911374
nextEvLexMin 0.903447 0.920734 0.905095
fairShare 0.852258 0.926015 0.910695
FCFS 0.308586 0.827418 0.813498
greedyYield 0.92917 0.930471 0.91478
greedyCom 0.733189 0.96771 0.951516
Set10Learn 0.787213 0.944405 0.928465
fixedWindow 0.929051 0.930326 0.914643
lookAheadGreedyYield 0.927275 0.932896 0.917203
nextEvLexMin 0.901935 0.930785 0.91516
fairShare 0.864333 0.92948 0.914204
FCFS 0.291778 0.819143 0.805252
greedyYield 0.919476 0.920773 0.905263
greedyCom 0.774554 0.969312 0.953298
Set10Learn 0.792172 0.945698 0.929825
fixedWindow 0.919547 0.920797 0.905293
lookAheadGreedyYield 0.913067 0.925351 0.909783
nextEvLexMin 0.903 0.92029 0.904852
fairShare 0.835548 0.919817 0.904338
FCFS 0.353844 0.837613 0.823634
greedyYield 0.91675 0.918389 0.902525
greedyCom 0.749822 0.96534 0.948823
Set10Learn 0.786112 0.93542 0.919178
fixedWindow 0.916083 0.917771 0.901931
lookAheadGreedyYield 0.917767 0.921569 0.905659
nextEvLexMin 0.913213 0.919118 0.90332
fairShare 0.859288 0.928161 0.912895
FCFS 0.447716 0.806465 0.792696
greedyYield 0.92034 0.92312 0.907595
greedyCom 0.819797 0.969495 0.953414
Set10Learn 0.793624 0.94201 0.92618
fixedWindow 0.920474 0.923231 0.907712
lookAheadGreedyYield 0.903352 0.926321 0.910769
nextEvLexMin 0.89883 0.924221 0.908703
fairShare 0.853907 0.928213 0.913013
FCFS 0.426422 0.826551 0.812592
greedyYield 0.92389 0.925621 0.910077
greedyCom 0.800559 0.969287 0.953236
Set10Learn 0.79337 0.9424 0.926652
fixedWindow 0.923864 0.925552 0.910019
lookAheadGreedyYield 0.923551 0.930083 0.914526
nextEvLexMin 0.922238 0.928561 0.913047
fairShare 0.861784 0.926098 0.909356
FCFS 0.251785 0.776838 0.76292
greedyYield 0.914994 0.916458 0.89937
greedyCom 0.803736 0.968629 0.950828
Set10Learn 0.835807 0.944143 0.926608
fixedWindow 0.914658 0.916084 0.899015
lookAheadGreedyYield 0.914906 0.92152 0.904405
nextEvLexMin 0.906397 0.917112 0.900106
fairShare 0.832533 0.912315 0.896837
FCFS 0.46534 0.810823 0.796783
greedyYield 0.915045 0.916347 0.900558
greedyCom 0.734633 0.962721 0.946398
Set10Learn 0.785293 0.937698 0.92156
fixedWindow 0.915073 0.91635 0.90057
lookAheadGreedyYield 0.909432 0.915001 0.899262
nextEvLexMin 0.903147 0.911636 0.895939
fairShare 0.870182 0.930719 0.915425
FCFS 0.460329 0.839327 0.82561
greedyYield 0.931818 0.933425 0.917805
greedyCom 0.832976 0.969606 0.953533
Set10Learn 0.816372 0.94656 0.930726
fixedWindow 0.931598 0.933276 0.917668
lookAheadGreedyYield 0.920272 0.932632 0.917043
nextEvLexMin 0.923636 0.931307 0.915754
fairShare 0.847068 0.922917 0.90775
FCFS 0.472093 0.824357 0.810461
greedyYield 0.910609 0.912273 0.896804
greedyCom 0.801708 0.968611 0.952445
Set10Learn 0.826771 0.939533 0.923696
fixedWindow 0.910526 0.912185 0.89673
lookAheadGreedyYield 0.912756 0.920184 0.904662
nextEvLexMin 0.908516 0.918511 0.903054
