fairShare 0.817592 0.903146 0.887296
FCFS 0.636532 0.819776 0.805189
greedyYield 0.876356 0.859705 0.843552
greedyCom 0.683656 0.9434 0.926576
Set10Learn 0.740145 0.912703 0.896257
fixedWindow 0.87698 0.862859 0.84671
lookAheadGreedyYield 0.868833 0.870511 0.854355
nextEvLexMin 0.867547 0.878808 0.862683
fairShare 0.787736 0.876402 0.860177
FCFS 0.613827 0.771992 0.757056
greedyYield 0.852616 0.816528 0.800012
greedyCom 0.483223 0.920323 0.903432
Set10Learn 0.690547 0.856187 0.839255
fixedWindow 0.852601 0.816464 0.80001
lookAheadGreedyYield 0.849154 0.834125 0.817584
nextEvLexMin 0.838356 0.845274 0.828703
fairShare 0.78754 0.892066 0.875866
FCFS 0.53962 0.788032 0.773596
greedyYield 0.866929 0.850757 0.834343
greedyCom 0.585947 0.941015 0.924085
Set10Learn 0.736428 0.895926 0.879243
fixedWindow 0.867037 0.850944 0.834542
lookAheadGreedyYield 0.866042 0.854518 0.838068
nextEvLexMin 0.863099 0.860392 0.843974
fairShare 0.799705 0.893619 0.877761
FCFS 0.591676 0.809952 0.795448
greedyYield 0.881731 0.876224 0.859722
greedyCom 0.597716 0.944855 0.927981
Set10Learn 0.80218 0.907796 0.8913
fixedWindow 0.88165 0.876083 0.859626
lookAheadGreedyYield 0.883625 0.88289 0.866302
nextEvLexMin 0.873669 0.887294 0.8708
fairShare 0.797889 0.885288 0.869251
FCFS 0.610557 0.780521 0.76605
greedyYield 0.866963 0.85231 0.835963
greedyCom 0.579054 0.941958 0.925052
Set10Learn 0.750082 0.887688 0.871102
fixedWindow 0.866953 0.852281 0.83595
lookAheadGreedyYield 0.800635 0.873211 0.856775
nextEvLexMin 0.801941 0.87095 0.854576
fairShare 0.818727 0.888503 0.872605
FCFS 0.636928 0.780012 0.765504
greedyYield 0.878793 0.860626 0.844371
greedyCom 0.651028 0.943589 0.926793
Set10Learn 0.769358 0.896848 0.880447
fixedWindow 0.878802 0.860644 0.844422
lookAheadGreedyYield 0.86533 0.866922 0.850665
nextEvLexMin 0.872765 0.873937 0.857693
fairShare 0.798536 0.902975 0.88707
FCFS 0.567968 0.810912 0.796458
greedyYield 0.872754 0.858219 0.841802
greedyCom 0.623262 0.943771 0.926771
Set10Learn 0.712419 0.89734 0.880796
fixedWindow 0.872781 0.858079 0.841688
lookAheadGreedyYield 0.872506 0.875307 0.858769
nextEvLexMin 0.871648 0.876372 0.859969
fairShare 0.794307 0.895251 0.878837
FCFS 0.562664 0.787348 0.772813
greedyYield 0.869375 0.851609 0.834963
greedyCom 0.596076 0.941452 0.924215
Set10Learn 0.703086 0.902906 0.885941
fixedWindow 0.869605 0.85199 0.835366
lookAheadGreedyYield 0.821142 0.866429 0.849751
nextEvLexMin 0.820998 0.86774 0.851121
fairShare 0.781073 0.890873 0.874683
FCFS 0.568406 0.768864 0.754185
greedyYield 0.866463 0.842104 0.82554
greedyCom 0.536227 0.937198 0.920153
Set10Learn 0.72007 0.882251 0.865498
fixedWindow 0.866456 0.841212 0.824664
lookAheadGreedyYield 0.856993 0.851821 0.835335
nextEvLexMin 0.855051 0.853705 0.837265
fairShare 0.806661 0.882835 0.866724
FCFS 0.648709 0.798722 0.783915
greedyYield 0.870308 0.85877 0.842176
greedyCom 0.547042 0.927213 0.910259
Set10Learn 0.739204 0.878248 0.861465
fixedWindow 0.868752 0.855128 0.838648
lookAheadGreedyYield 0.837796 0.867242 0.850707
nextEvLexMin 0.856186 0.874644 0.85812
