fairShare 0.797806 0.892677 0.876709
FCFS 0.587726 0.796535 0.781738
greedyYield 0.873193 0.85645 0.839936
greedyCom 0.496933 0.931779 0.914938
Set10Learn 0.775243 0.889661 0.872985
fixedWindow 0.873136 0.856374 0.839896
lookAheadGreedyYield 0.851119 0.866948 0.850408
nextEvLexMin 0.859729 0.874604 0.858065
fairShare 0.806023 0.90027 0.884167
FCFS 0.611444 0.800971 0.786435
greedyYield 0.867255 0.844355 0.828046
greedyCom 0.641156 0.944318 0.927405
Set10Learn 0.765635 0.900015 0.883255
fixedWindow 0.86711 0.846328 0.830061
lookAheadGreedyYield 0.862355 0.854351 0.83807
nextEvLexMin 0.846707 0.862917 0.846688
fairShare 0.806431 0.89355 0.877409
FCFS 0.580955 0.775726 0.76127
greedyYield 0.87414 0.857228 0.840706
greedyCom 0.533896 0.937612 0.920635
Set10Learn 0.751078 0.894022 0.877321
fixedWindow 0.873902 0.856832 0.840346
lookAheadGreedyYield 0.871284 0.863363 0.846921
nextEvLexMin 0.870692 0.871783 0.855321
fairShare 0.814482 0.896388 0.880217
FCFS 0.65054 0.802722 0.788064
greedyYield 0.864839 0.843182 0.826916
greedyCom 0.589255 0.940615 0.923656
Set10Learn 0.736436 0.902773 0.88602
fixedWindow 0.864838 0.843067 0.826821
lookAheadGreedyYield 0.862496 0.856262 0.84003
nextEvLexMin 0.86175 0.861076 0.844834
fairShare 0.800306 0.896589 0.880504
FCFS 0.62416 0.751325 0.736764
greedyYield 0.857967 0.832418 0.8162
greedyCom 0.573296 0.942297 0.925419
Set10Learn 0.792744 0.904751 0.888007
fixedWindow 0.857692 0.831814 0.815705
lookAheadGreedyYield 0.853039 0.840488 0.824268
nextEvLexMin 0.85451 0.851199 0.834993
fairShare 0.814667 0.886843 0.870335
FCFS 0.539574 0.811902 0.797005
greedyYield 0.869338 0.860135 0.843215
greedyCom 0.579366 0.93342 0.915908
Set10Learn 0.721971 0.893009 0.875798
fixedWindow 0.869327 0.860107 0.843231
lookAheadGreedyYield 0.86416 0.869311 0.85248
nextEvLexMin 0.860557 0.868379 0.851585
fairShare 0.798486 0.896055 0.879778
FCFS 0.578742 0.787423 0.77289
greedyYield 0.879284 0.861776 0.845059
greedyCom 0.61234 0.938353 0.921234
Set10Learn 0.772272 0.89426 0.877367
fixedWindow 0.879982 0.863143 0.846421
lookAheadGreedyYield 0.879977 0.872862 0.85608
nextEvLexMin 0.877988 0.875434 0.858726
fairShare 0.797209 0.887947 0.871983
FCFS 0.632622 0.793709 0.779077
greedyYield 0.870677 0.854638 0.838186
greedyCom 0.630834 0.938108 0.921272
Set10Learn 0.781074 0.8979 0.881225
fixedWindow 0.870647 0.854508 0.838125
lookAheadGreedyYield 0.858725 0.867967 0.851479
nextEvLexMin 0.858607 0.871054 0.85464
fairShare 0.790551 0.886502 0.870372
FCFS 0.553091 0.791516 0.776622
greedyYield 0.870595 0.849692 0.833055
greedyCom 0.633294 0.934383 0.917302
Set10Learn 0.741633 0.901483 0.88449
fixedWindow 0.87067 0.849843 0.833244
lookAheadGreedyYield 0.864695 0.867257 0.850585
nextEvLexMin 0.864853 0.873736 0.857092
fairShare 0.80601 0.893546 0.877384
FCFS 0.556264 0.797347 0.782625
greedyYield 0.872849 0.854613 0.837954
greedyCom 0.532789 0.93972 0.922641
Set10Learn 0.749342 0.895832 0.878988
fixedWindow 0.872763 0.854432 0.83779
lookAheadGreedyYield 0.864831 0.857556 0.840903
nextEvLexMin 0.852475 0.864353 0.847707
