fairShare 0.934583 0.967289 0.954194
FCFS 0.73541 0.893628 0.881692
greedyYield 0.959048 0.957621 0.944378
greedyCom 0.937155 0.987871 0.974433
Set10Learn 0.945372 0.971113 0.957809
fixedWindow 0.959099 0.957796 0.944562
lookAheadGreedyYield 0.959459 0.961465 0.948197
nextEvLexMin 0.95556 0.961257 0.948022
fairShare 0.931791 0.966385 0.953331
FCFS 0.754029 0.867603 0.855722
greedyYield 0.959057 0.951429 0.938278
greedyCom 0.941317 0.987265 0.973787
Set10Learn 0.943451 0.968911 0.955644
fixedWindow 0.95921 0.952706 0.939524
lookAheadGreedyYield 0.95994 0.955972 0.942802
nextEvLexMin 0.956613 0.954916 0.941776
fairShare 0.939083 0.967997 0.954832
FCFS 0.744314 0.889399 0.877407
greedyYield 0.963349 0.961658 0.948375
greedyCom 0.945315 0.988062 0.974544
Set10Learn 0.946091 0.972189 0.958853
fixedWindow 0.963317 0.961538 0.948272
lookAheadGreedyYield 0.962863 0.962656 0.949372
nextEvLexMin 0.961438 0.963851 0.950591
fairShare 0.93662 0.966391 0.95338
FCFS 0.796166 0.87812 0.866303
greedyYield 0.9608 0.955094 0.942007
greedyCom 0.94456 0.988053 0.974652
Set10Learn 0.938489 0.969874 0.95675
fixedWindow 0.960869 0.955247 0.942183
lookAheadGreedyYield 0.961253 0.958539 0.945428
nextEvLexMin 0.959167 0.960488 0.947414
fairShare 0.936183 0.968736 0.955658
FCFS 0.768966 0.90403 0.89192
greedyYield 0.959827 0.961541 0.948394
greedyCom 0.933236 0.987433 0.974022
Set10Learn 0.945195 0.973936 0.960677
fixedWindow 0.959586 0.960941 0.947838
lookAheadGreedyYield 0.958563 0.963922 0.950762
nextEvLexMin 0.956735 0.963093 0.949976
fairShare 0.926284 0.970225 0.957133
FCFS 0.763681 0.873456 0.861445
greedyYield 0.95259 0.945707 0.932632
greedyCom 0.918765 0.987093 0.973702
Set10Learn 0.932329 0.96951 0.956297
fixedWindow 0.952856 0.945824 0.93278
lookAheadGreedyYield 0.953405 0.950916 0.937833
nextEvLexMin 0.951743 0.952466 0.939402
fairShare 0.921769 0.962044 0.949048
FCFS 0.730266 0.842776 0.830635
greedyYield 0.953934 0.949528 0.936238
greedyCom 0.923252 0.98672 0.973322
Set10Learn 0.936119 0.963467 0.950143
fixedWindow 0.953908 0.9495 0.936352
lookAheadGreedyYield 0.954838 0.952296 0.939031
nextEvLexMin 0.947955 0.954481 0.941178
fairShare 0.941174 0.969014 0.955721
FCFS 0.728887 0.893191 0.881047
greedyYield 0.959975 0.961875 0.948471
greedyCom 0.949168 0.987707 0.974064
Set10Learn 0.945426 0.974755 0.961261
fixedWindow 0.960486 0.963007 0.949601
lookAheadGreedyYield 0.960434 0.963504 0.950085
nextEvLexMin 0.957971 0.963589 0.950218
fairShare 0.935054 0.96905 0.955958
FCFS 0.721624 0.878669 0.866726
greedyYield 0.956119 0.952996 0.939878
greedyCom 0.937094 0.987059 0.973665
Set10Learn 0.931714 0.973381 0.960073
fixedWindow 0.95643 0.953893 0.940788
lookAheadGreedyYield 0.957193 0.956572 0.943422
nextEvLexMin 0.954339 0.955543 0.942421
fairShare 0.939007 0.967766 0.954762
FCFS 0.778058 0.896844 0.884758
greedyYield 0.962169 0.96174 0.948583
greedyCom 0.940556 0.986732 0.973393
Set10Learn 0.944596 0.970875 0.957666
fixedWindow 0.962136 0.961389 0.948255
lookAheadGreedyYield 0.961613 0.964061 0.95087
nextEvLexMin 0.960565 0.964024 0.950845
