fairShare 0.787436 0.900265 0.883855
FCFS 0.540059 0.771195 0.756929
greedyYield 0.866148 0.845618 0.829073
greedyCom 0.635846 0.947414 0.930081
Set10Learn 0.757888 0.898828 0.88198
fixedWindow 0.86617 0.845575 0.829076
lookAheadGreedyYield 0.867824 0.856358 0.839704
nextEvLexMin 0.864243 0.863258 0.846662
fairShare 0.770882 0.903917 0.887938
FCFS 0.572328 0.773047 0.758458
greedyYield 0.860701 0.848017 0.831789
greedyCom 0.643368 0.946813 0.92996
Set10Learn 0.759283 0.901636 0.885222
fixedWindow 0.861045 0.848658 0.832482
lookAheadGreedyYield 0.858399 0.860312 0.844089
nextEvLexMin 0.856736 0.869561 0.853395
fairShare 0.692258 0.895331 0.879343
FCFS 0.603885 0.765381 0.75124
greedyYield 0.825842 0.838038 0.821913
greedyCom 0.560669 0.950604 0.933745
Set10Learn 0.72276 0.886806 0.870485
fixedWindow 0.825842 0.837449 0.821439
lookAheadGreedyYield 0.825842 0.848347 0.832339
nextEvLexMin 0.82584 0.853932 0.837908
fairShare 0.808325 0.898966 0.883011
FCFS 0.60081 0.805543 0.790949
greedyYield 0.877245 0.860644 0.844291
greedyCom 0.639965 0.941474 0.924504
Set10Learn 0.746275 0.902124 0.885561
fixedWindow 0.877236 0.86062 0.844298
lookAheadGreedyYield 0.860866 0.875055 0.858615
nextEvLexMin 0.875646 0.876745 0.860357
fairShare 0.813045 0.915239 0.898629
FCFS 0.503137 0.772481 0.757694
greedyYield 0.879998 0.863391 0.846377
greedyCom 0.745695 0.959759 0.941894
Set10Learn 0.790457 0.912933 0.895705
fixedWindow 0.880303 0.86397 0.846994
lookAheadGreedyYield 0.878693 0.868829 0.851835
nextEvLexMin 0.832909 0.875486 0.858661
fairShare 0.805375 0.879764 0.863553
FCFS 0.577521 0.770588 0.75587
greedyYield 0.866761 0.845669 0.829267
greedyCom 0.609333 0.927264 0.910301
Set10Learn 0.726085 0.882246 0.865703
fixedWindow 0.866702 0.845528 0.82924
lookAheadGreedyYield 0.856807 0.853261 0.836757
nextEvLexMin 0.854162 0.852802 0.836356
fairShare 0.796216 0.894964 0.879125
FCFS 0.628547 0.796545 0.782116
greedyYield 0.861141 0.849742 0.83366
greedyCom 0.70068 0.942955 0.926144
Set10Learn 0.76011 0.88403 0.867687
fixedWindow 0.861004 0.849373 0.833335
lookAheadGreedyYield 0.827377 0.860428 0.844376
nextEvLexMin 0.844817 0.859783 0.843753
fairShare 0.798782 0.888411 0.872245
FCFS 0.54143 0.746803 0.732468
greedyYield 0.856301 0.83369 0.817288
greedyCom 0.552268 0.928375 0.911347
Set10Learn 0.762181 0.891382 0.874767
fixedWindow 0.856394 0.833862 0.817472
lookAheadGreedyYield 0.84957 0.854885 0.838294
nextEvLexMin 0.847975 0.854135 0.837763
fairShare 0.724081 0.87836 0.861296
FCFS 0.517898 0.7841 0.769421
greedyYield 0.858824 0.845342 0.828085
greedyCom 0.474275 0.935888 0.917862
Set10Learn 0.745713 0.890047 0.872341
fixedWindow 0.858754 0.845189 0.828016
lookAheadGreedyYield 0.845071 0.852855 0.835634
nextEvLexMin 0.848488 0.850943 0.833839
fairShare 0.806764 0.89693 0.880708
FCFS 0.558612 0.773689 0.759109
greedyYield 0.862885 0.841372 0.824964
greedyCom 0.681057 0.945492 0.928309
Set10Learn 0.770254 0.911858 0.894879
fixedWindow 0.862467 0.840538 0.82419
lookAheadGreedyYield 0.854104 0.845589 0.829183
nextEvLexMin 0.859065 0.860768 0.844257
