fairShare 0.943241 0.96874 0.95576
FCFS 0.662499 0.888468 0.876434
greedyYield 0.965728 0.967864 0.954726
greedyCom 0.940363 0.988475 0.975148
Set10Learn 0.941618 0.977343 0.964122
fixedWindow 0.965417 0.96762 0.954498
lookAheadGreedyYield 0.965929 0.972051 0.958871
nextEvLexMin 0.963352 0.969684 0.956557
fairShare 0.94463 0.970406 0.957378
FCFS 0.612365 0.888524 0.876598
greedyYield 0.964742 0.966058 0.952989
greedyCom 0.948612 0.98836 0.975058
Set10Learn 0.939286 0.978032 0.964797
fixedWindow 0.964517 0.965746 0.952696
lookAheadGreedyYield 0.965013 0.969602 0.956488
nextEvLexMin 0.962795 0.966713 0.953638
fairShare 0.938415 0.970319 0.957343
FCFS 0.665863 0.882607 0.870776
greedyYield 0.9619 0.963519 0.950482
greedyCom 0.948459 0.988632 0.975355
Set10Learn 0.934332 0.979384 0.966153
fixedWindow 0.961624 0.963227 0.950204
lookAheadGreedyYield 0.964507 0.967638 0.954565
nextEvLexMin 0.959841 0.964366 0.951346
fairShare 0.926147 0.967906 0.954774
FCFS 0.661305 0.881594 0.869424
greedyYield 0.962055 0.963838 0.950608
greedyCom 0.92155 0.987509 0.974049
Set10Learn 0.936778 0.978296 0.964891
fixedWindow 0.961998 0.963798 0.950588
lookAheadGreedyYield 0.960439 0.968266 0.954987
nextEvLexMin 0.958299 0.964175 0.950998
fairShare 0.943131 0.96999 0.956994
FCFS 0.657551 0.889907 0.877947
greedyYield 0.968398 0.969809 0.956686
greedyCom 0.940727 0.988612 0.975297
Set10Learn 0.94801 0.978307 0.9651
fixedWindow 0.96813 0.969619 0.95651
lookAheadGreedyYield 0.969855 0.972527 0.959381
nextEvLexMin 0.966482 0.970024 0.956921
fairShare 0.921178 0.969245 0.956279
FCFS 0.646003 0.8654 0.853611
greedyYield 0.961195 0.962492 0.949502
greedyCom 0.929964 0.987757 0.974496
Set10Learn 0.927693 0.975497 0.962338
fixedWindow 0.96091 0.962194 0.949219
lookAheadGreedyYield 0.959761 0.9639 0.950912
nextEvLexMin 0.955046 0.959903 0.946951
fairShare 0.927762 0.967222 0.954142
FCFS 0.630367 0.875601 0.863566
greedyYield 0.967048 0.968384 0.955178
greedyCom 0.924108 0.987748 0.974316
Set10Learn 0.951578 0.979382 0.966046
fixedWindow 0.9669 0.968158 0.954965
lookAheadGreedyYield 0.970641 0.972677 0.959427
nextEvLexMin 0.965951 0.968984 0.955786
fairShare 0.940509 0.969101 0.956208
FCFS 0.607003 0.869834 0.857981
greedyYield 0.963858 0.966024 0.953001
greedyCom 0.94459 0.988128 0.974886
Set10Learn 0.929077 0.975917 0.962772
fixedWindow 0.96344 0.965507 0.952502
lookAheadGreedyYield 0.965319 0.970469 0.957398
nextEvLexMin 0.959117 0.966149 0.953133
fairShare 0.937251 0.970415 0.957358
FCFS 0.687876 0.893699 0.881678
greedyYield 0.965363 0.966755 0.953657
greedyCom 0.933213 0.988247 0.974891
Set10Learn 0.949632 0.978253 0.965004
fixedWindow 0.965158 0.966493 0.953417
lookAheadGreedyYield 0.964348 0.967324 0.954238
nextEvLexMin 0.961854 0.966068 0.952997
fairShare 0.93062 0.967425 0.954594
FCFS 0.691123 0.895654 0.883655
greedyYield 0.96413 0.966301 0.953355
greedyCom 0.939784 0.988576 0.975371
Set10Learn 0.941623 0.977496 0.964397
fixedWindow 0.963946 0.966104 0.953171
lookAheadGreedyYield 0.965942 0.969648 0.956668
nextEvLexMin 0.960597 0.965836 0.952903
