fairShare 0.812818 0.892708 0.876771
FCFS 0.426245 0.814157 0.799611
greedyYield 0.882209 0.884152 0.867878
greedyCom 0.476399 0.933776 0.916968
Set10Learn 0.624413 0.896011 0.879399
fixedWindow 0.881884 0.88394 0.867678
lookAheadGreedyYield 0.87895 0.889118 0.872892
nextEvLexMin 0.863652 0.891249 0.875068
fairShare 0.806476 0.898352 0.881991
FCFS 0.222861 0.77753 0.763068
greedyYield 0.877272 0.879541 0.863018
greedyCom 0.431588 0.942836 0.925741
Set10Learn 0.640324 0.89343 0.876568
fixedWindow 0.877136 0.879414 0.862898
lookAheadGreedyYield 0.880614 0.890652 0.874028
nextEvLexMin 0.875398 0.888242 0.871706
fairShare 0.803778 0.89981 0.883728
FCFS 0.371024 0.801377 0.786824
greedyYield 0.872799 0.875795 0.859428
greedyCom 0.394382 0.933885 0.917017
Set10Learn 0.621831 0.882248 0.865656
fixedWindow 0.872736 0.875698 0.859346
lookAheadGreedyYield 0.870162 0.883676 0.86732
nextEvLexMin 0.8702 0.888433 0.872065
fairShare 0.803393 0.905082 0.889184
FCFS 0.416267 0.781115 0.766684
greedyYield 0.874824 0.877408 0.861332
greedyCom 0.468287 0.938238 0.921405
Set10Learn 0.581034 0.898716 0.88223
fixedWindow 0.874672 0.877126 0.861068
lookAheadGreedyYield 0.874905 0.885157 0.869044
nextEvLexMin 0.874612 0.887426 0.871298
fairShare 0.797958 0.899583 0.883701
FCFS 0.379508 0.799061 0.78467
greedyYield 0.882835 0.886032 0.869954
greedyCom 0.534415 0.948005 0.931082
Set10Learn 0.747585 0.905448 0.888872
fixedWindow 0.882708 0.885866 0.86981
lookAheadGreedyYield 0.879966 0.897496 0.881312
nextEvLexMin 0.871739 0.892535 0.876422
fairShare 0.757594 0.882293 0.866048
FCFS 0.39546 0.774116 0.759222
greedyYield 0.849602 0.85327 0.836794
greedyCom 0.061787 0.914687 0.897782
Set10Learn 0.585728 0.865109 0.848345
fixedWindow 0.849599 0.853255 0.836792
lookAheadGreedyYield 0.844119 0.865996 0.849385
nextEvLexMin 0.845043 0.86609 0.849544
fairShare 0.759892 0.900797 0.885016
FCFS 0.389326 0.787142 0.772608
greedyYield 0.883469 0.885887 0.869683
greedyCom 0.520613 0.946476 0.929719
Set10Learn 0.664585 0.903438 0.887114
fixedWindow 0.883664 0.88611 0.869913
lookAheadGreedyYield 0.880898 0.891895 0.875632
nextEvLexMin 0.878654 0.89048 0.874288
fairShare 0.71874 0.872804 0.856422
FCFS 0.257696 0.734879 0.719889
greedyYield 0.84042 0.84326 0.826749
greedyCom 0.0067051 0.919709 0.90273
Set10Learn 0.551493 0.87862 0.861712
fixedWindow 0.840433 0.84326 0.826764
lookAheadGreedyYield 0.81746 0.850994 0.834422
nextEvLexMin 0.827562 0.850271 0.833762
fairShare 0.766095 0.886227 0.870097
FCFS 0.289259 0.778185 0.763623
greedyYield 0.87131 0.873184 0.856778
greedyCom 0.278527 0.930413 0.913524
Set10Learn 0.527435 0.889718 0.873037
fixedWindow 0.871498 0.873361 0.856957
lookAheadGreedyYield 0.865279 0.873016 0.85667
nextEvLexMin 0.847414 0.876752 0.860337
fairShare 0.818318 0.912978 0.89736
FCFS 0.317705 0.767269 0.753097
greedyYield 0.909418 0.912413 0.896386
greedyCom 0.668906 0.959612 0.943138
Set10Learn 0.749358 0.928476 0.912215
fixedWindow 0.90927 0.912389 0.896375
lookAheadGreedyYield 0.902733 0.917254 0.901161
nextEvLexMin 0.893647 0.914515 0.898491
