fairShare 0.934583 0.966715 0.953604
FCFS 0.483442 0.892097 0.88015
greedyYield 0.968146 0.969437 0.956119
greedyCom 0.946706 0.987351 0.973858
Set10Learn 0.930475 0.970656 0.957302
fixedWindow 0.967995 0.969287 0.955976
lookAheadGreedyYield 0.968419 0.972918 0.959569
nextEvLexMin 0.966251 0.970342 0.957031
fairShare 0.931791 0.968459 0.9554
FCFS 0.560656 0.868654 0.856769
greedyYield 0.963739 0.965276 0.952089
greedyCom 0.937169 0.987821 0.974393
Set10Learn 0.943938 0.974957 0.961659
fixedWindow 0.963663 0.965205 0.952026
lookAheadGreedyYield 0.964564 0.968471 0.955245
nextEvLexMin 0.960937 0.96508 0.951922
fairShare 0.939083 0.968714 0.955565
FCFS 0.534878 0.890703 0.878726
greedyYield 0.96796 0.969028 0.95576
greedyCom 0.93274 0.987836 0.974342
Set10Learn 0.932345 0.974156 0.960814
fixedWindow 0.968024 0.969125 0.955862
lookAheadGreedyYield 0.967816 0.969822 0.956554
nextEvLexMin 0.965608 0.968285 0.955056
fairShare 0.93662 0.967936 0.954906
FCFS 0.644398 0.877673 0.865839
greedyYield 0.963007 0.963777 0.950682
greedyCom 0.927512 0.986999 0.973646
Set10Learn 0.920102 0.974394 0.961212
fixedWindow 0.963297 0.963989 0.950901
lookAheadGreedyYield 0.964918 0.966962 0.953844
nextEvLexMin 0.9603 0.963906 0.950841
fairShare 0.936183 0.967564 0.954514
FCFS 0.550132 0.901459 0.889326
greedyYield 0.967968 0.96949 0.956333
greedyCom 0.925325 0.98731 0.973929
Set10Learn 0.950413 0.977369 0.964092
fixedWindow 0.968039 0.96953 0.956381
lookAheadGreedyYield 0.967578 0.971591 0.958421
nextEvLexMin 0.964 0.968784 0.955653
fairShare 0.926284 0.968706 0.955691
FCFS 0.57535 0.871494 0.859583
greedyYield 0.958141 0.95982 0.946739
greedyCom 0.902392 0.987236 0.973878
Set10Learn 0.926179 0.970337 0.957118
fixedWindow 0.958058 0.959853 0.946784
lookAheadGreedyYield 0.962266 0.965512 0.952372
nextEvLexMin 0.959671 0.964426 0.951318
fairShare 0.921769 0.963651 0.950704
FCFS 0.477666 0.847196 0.83528
greedyYield 0.960858 0.962687 0.949552
greedyCom 0.930132 0.98666 0.973307
Set10Learn 0.930662 0.970978 0.957763
fixedWindow 0.960397 0.962263 0.949142
lookAheadGreedyYield 0.963192 0.966098 0.952911
nextEvLexMin 0.956745 0.963407 0.95028
fairShare 0.941174 0.96701 0.953727
FCFS 0.517003 0.891633 0.879504
greedyYield 0.969429 0.970434 0.956998
greedyCom 0.946889 0.986776 0.973125
Set10Learn 0.947202 0.974934 0.961385
fixedWindow 0.969468 0.970431 0.957
lookAheadGreedyYield 0.969933 0.971777 0.958328
nextEvLexMin 0.964381 0.967301 0.953911
fairShare 0.935054 0.968378 0.955286
FCFS 0.477953 0.879277 0.867328
greedyYield 0.965584 0.96726 0.954049
greedyCom 0.927436 0.987058 0.973674
Set10Learn 0.935572 0.976779 0.963425
fixedWindow 0.965206 0.966872 0.953672
lookAheadGreedyYield 0.967956 0.97062 0.957387
nextEvLexMin 0.961835 0.966089 0.952905
fairShare 0.939007 0.967719 0.954723
FCFS 0.599218 0.893133 0.881091
greedyYield 0.969236 0.970656 0.957491
greedyCom 0.936488 0.986465 0.973138
Set10Learn 0.936128 0.975244 0.962032
fixedWindow 0.969637 0.971007 0.95785
lookAheadGreedyYield 0.969868 0.972336 0.95915
nextEvLexMin 0.967343 0.970011 0.956866
