fairShare 0.99755 0.999236 0.995415
FCFS 0.946004 0.988932 0.985179
greedyYield 0.997963 0.997983 0.994164
greedyCom 0.997472 0.999625 0.995803
Set10Learn 0.994678 0.99804 0.994228
fixedWindow 0.997971 0.997985 0.994177
lookAheadGreedyYield 0.998029 0.998406 0.99459
nextEvLexMin 0.996813 0.998062 0.994246
fairShare 0.998308 0.999146 0.995531
FCFS 0.975958 0.989586 0.986014
greedyYield 0.998634 0.998605 0.994996
greedyCom 0.998406 0.999599 0.995985
Set10Learn 0.99662 0.998288 0.99468
fixedWindow 0.998679 0.998602 0.995016
lookAheadGreedyYield 0.998745 0.998913 0.995299
nextEvLexMin 0.998574 0.998564 0.994955
fairShare 0.99792 0.999194 0.99555
FCFS 0.9801 0.989362 0.985759
greedyYield 0.998254 0.998163 0.99452
greedyCom 0.997982 0.999592 0.995946
Set10Learn 0.997205 0.998438 0.994791
fixedWindow 0.998266 0.998209 0.994593
lookAheadGreedyYield 0.998365 0.998555 0.994909
nextEvLexMin 0.998281 0.998311 0.994668
fairShare 0.998254 0.999244 0.99566
FCFS 0.979122 0.991163 0.98761
greedyYield 0.998688 0.998743 0.995158
greedyCom 0.998296 0.999646 0.996056
Set10Learn 0.996758 0.998341 0.99476
fixedWindow 0.998716 0.998778 0.995222
lookAheadGreedyYield 0.998755 0.999002 0.995417
nextEvLexMin 0.99869 0.998762 0.995175
fairShare 0.998382 0.999183 0.995547
FCFS 0.972053 0.990682 0.987075
greedyYield 0.99861 0.998714 0.995082
greedyCom 0.998471 0.999635 0.995998
Set10Learn 0.99742 0.998635 0.995006
fixedWindow 0.998657 0.998738 0.995128
lookAheadGreedyYield 0.998696 0.998941 0.995308
nextEvLexMin 0.998366 0.998646 0.995014
fairShare 0.997957 0.999135 0.995452
FCFS 0.961378 0.984784 0.981154
greedyYield 0.998212 0.997947 0.994272
greedyCom 0.998014 0.999573 0.995888
Set10Learn 0.995776 0.997614 0.99394
fixedWindow 0.998234 0.998013 0.994357
lookAheadGreedyYield 0.998288 0.998288 0.994613
nextEvLexMin 0.998104 0.997961 0.994286
fairShare 0.997633 0.999078 0.995366
FCFS 0.967111 0.992032 0.988357
greedyYield 0.998514 0.998569 0.994855
greedyCom 0.997668 0.99959 0.995874
Set10Learn 0.997522 0.998859 0.99515
fixedWindow 0.998537 0.998569 0.994874
lookAheadGreedyYield 0.998539 0.998795 0.99508
nextEvLexMin 0.998269 0.998554 0.994841
fairShare 0.99708 0.999114 0.994922
FCFS 0.937651 0.988589 0.984498
greedyYield 0.998444 0.998446 0.994256
greedyCom 0.997601 0.999582 0.995388
Set10Learn 0.99692 0.998175 0.993987
fixedWindow 0.998443 0.998425 0.994242
lookAheadGreedyYield 0.998481 0.998574 0.994383
nextEvLexMin 0.975857 0.997647 0.993484
fairShare 0.998289 0.99912 0.995429
FCFS 0.952254 0.991019 0.987372
greedyYield 0.998565 0.998599 0.994909
greedyCom 0.998351 0.999604 0.995912
Set10Learn 0.996433 0.998799 0.99511
fixedWindow 0.998594 0.998622 0.994945
lookAheadGreedyYield 0.99859 0.998789 0.995099
nextEvLexMin 0.998412 0.998505 0.994814
fairShare 0.997879 0.999169 0.995483
FCFS 0.970711 0.99037 0.986714
greedyYield 0.998348 0.998356 0.994678
greedyCom 0.99802 0.999585 0.9959
Set10Learn 0.995754 0.997986 0.994305
fixedWindow 0.998376 0.998362 0.994709
lookAheadGreedyYield 0.998302 0.998657 0.994976
nextEvLexMin 0.99824 0.998422 0.994737
