fairShare 0.916869 0.964018 0.948474
FCFS 0.645335 0.861999 0.849147
greedyYield 0.954124 0.944022 0.928435
greedyCom 0.927551 0.986211 0.970194
Set10Learn 0.93228 0.96783 0.952003
fixedWindow 0.954097 0.943882 0.928342
lookAheadGreedyYield 0.952126 0.948088 0.932484
fairShare 0.929566 0.969688 0.956519
FCFS 0.766332 0.872307 0.860166
greedyYield 0.95502 0.948415 0.935258
greedyCom 0.925399 0.98835 0.974836
Set10Learn 0.933455 0.969071 0.955723
fixedWindow 0.954986 0.948165 0.93507
lookAheadGreedyYield 0.958275 0.955128 0.941942
nextEvLexMin 0.953521 0.952027 0.938886
fairShare 0.940702 0.970853 0.957812
FCFS 0.771547 0.863394 0.851547
greedyYield 0.959877 0.952084 0.939112
greedyCom 0.947823 0.988988 0.975619
Set10Learn 0.942765 0.968701 0.955602
fixedWindow 0.959986 0.953169 0.94023
lookAheadGreedyYield 0.960443 0.957792 0.944773
nextEvLexMin 0.958626 0.9568 0.943797
fairShare 0.93456 0.964643 0.951256
FCFS 0.786969 0.894242 0.881977
greedyYield 0.957265 0.949539 0.936117
greedyCom 0.92739 0.986235 0.972432
Set10Learn 0.940563 0.965746 0.952179
fixedWindow 0.957599 0.949708 0.936307
lookAheadGreedyYield 0.958355 0.956855 0.943398
nextEvLexMin 0.956584 0.95452 0.941117
fairShare 0.923125 0.969606 0.956812
FCFS 0.760176 0.889461 0.877774
greedyYield 0.955453 0.952156 0.939361
greedyCom 0.934441 0.989651 0.976533
Set10Learn 0.935558 0.969035 0.956175
fixedWindow 0.955579 0.952457 0.939682
lookAheadGreedyYield 0.955769 0.955392 0.942588
nextEvLexMin 0.954864 0.957441 0.944636
fairShare 0.908542 0.958479 0.944814
FCFS 0.720397 0.851237 0.838848
greedyYield 0.947648 0.936554 0.922916
greedyCom 0.924154 0.986149 0.971999
Set10Learn 0.916886 0.9589 0.945025
fixedWindow 0.947559 0.936313 0.922748
lookAheadGreedyYield 0.948401 0.941204 0.927535
nextEvLexMin 0.946334 0.940665 0.927039
fairShare 0.928276 0.965696 0.952415
FCFS 0.770471 0.868013 0.855895
greedyYield 0.954529 0.951026 0.937745
greedyCom 0.926118 0.986814 0.973207
Set10Learn 0.940541 0.968847 0.95543
fixedWindow 0.954517 0.951166 0.937923
lookAheadGreedyYield 0.955059 0.955232 0.941929
nextEvLexMin 0.953037 0.952863 0.939609
fairShare 0.942486 0.96945 0.956675
FCFS 0.812021 0.89113 0.879387
greedyYield 0.956716 0.958458 0.945655
greedyCom 0.936238 0.98867 0.975603
Set10Learn 0.940891 0.96848 0.955657
fixedWindow 0.956805 0.958354 0.945573
lookAheadGreedyYield 0.95793 0.962667 0.949842
nextEvLexMin 0.956434 0.962606 0.94979
fairShare 0.928293 0.965804 0.952621
FCFS 0.74639 0.868151 0.856396
greedyYield 0.954129 0.947818 0.934714
greedyCom 0.934075 0.987952 0.974448
Set10Learn 0.922767 0.960625 0.947443
fixedWindow 0.954126 0.947101 0.934027
lookAheadGreedyYield 0.952311 0.951253 0.93814
nextEvLexMin 0.950887 0.953548 0.940429
fairShare 0.939129 0.967934 0.954742
FCFS 0.770844 0.872454 0.860412
greedyYield 0.961062 0.95597 0.942568
greedyCom 0.948254 0.987571 0.973988
Set10Learn 0.937419 0.96142 0.948104
fixedWindow 0.962006 0.958655 0.945283
lookAheadGreedyYield 0.961216 0.958751 0.945353
nextEvLexMin 0.961612 0.962139 0.948721
