fairShare 0.86374 0.928357 0.912887
FCFS 0.606167 0.828231 0.814471
greedyYield 0.906066 0.896616 0.880939
greedyCom 0.831138 0.970058 0.953683
Set10Learn 0.851459 0.939355 0.923276
fixedWindow 0.906041 0.896559 0.880917
lookAheadGreedyYield 0.902646 0.91009 0.894423
nextEvLexMin 0.899103 0.913199 0.897502
fairShare 0.852258 0.924208 0.90892
FCFS 0.606509 0.824342 0.810512
greedyYield 0.914442 0.905493 0.889868
greedyCom 0.78286 0.96637 0.950257
Set10Learn 0.857497 0.931004 0.915103
fixedWindow 0.914548 0.905756 0.890158
lookAheadGreedyYield 0.914107 0.91186 0.896229
nextEvLexMin 0.88831 0.91275 0.897188
fairShare 0.864333 0.932444 0.917122
FCFS 0.614349 0.814831 0.800967
greedyYield 0.908564 0.894818 0.879342
greedyCom 0.835662 0.971486 0.955411
Set10Learn 0.857742 0.937878 0.922179
fixedWindow 0.908118 0.894044 0.878626
lookAheadGreedyYield 0.900549 0.90412 0.88863
nextEvLexMin 0.894042 0.908252 0.892777
fairShare 0.835548 0.916252 0.900888
FCFS 0.618003 0.837484 0.823482
greedyYield 0.906954 0.895157 0.879396
greedyCom 0.75514 0.962963 0.94651
Set10Learn 0.852667 0.927131 0.911024
fixedWindow 0.906921 0.89506 0.879319
lookAheadGreedyYield 0.906046 0.898284 0.882531
nextEvLexMin 0.904203 0.900998 0.88528
fairShare 0.859288 0.932311 0.917142
FCFS 0.675352 0.811447 0.797668
greedyYield 0.910898 0.907214 0.891829
greedyCom 0.843877 0.972648 0.956724
Set10Learn 0.856 0.938949 0.923327
fixedWindow 0.910776 0.907162 0.891801
lookAheadGreedyYield 0.893979 0.916683 0.901188
nextEvLexMin 0.891346 0.9136 0.898196
fairShare 0.853907 0.928091 0.912874
FCFS 0.65266 0.82996 0.815949
greedyYield 0.908181 0.898272 0.882866
greedyCom 0.821693 0.968768 0.952676
Set10Learn 0.839695 0.947011 0.931245
fixedWindow 0.908129 0.898726 0.883357
lookAheadGreedyYield 0.910281 0.908939 0.893449
nextEvLexMin 0.905903 0.909101 0.893704
fairShare 0.861784 0.924623 0.908103
FCFS 0.561304 0.789006 0.775116
greedyYield 0.908488 0.892697 0.875711
greedyCom 0.856658 0.972257 0.95451
Set10Learn 0.856255 0.935719 0.918475
fixedWindow 0.908477 0.892624 0.875679
lookAheadGreedyYield 0.908835 0.901996 0.884956
nextEvLexMin 0.895237 0.900977 0.884106
fairShare 0.832533 0.910947 0.895531
FCFS 0.693735 0.81158 0.797574
greedyYield 0.902776 0.89729 0.881627
greedyCom 0.813307 0.964614 0.94824
Set10Learn 0.828479 0.939518 0.923408
fixedWindow 0.902838 0.897632 0.881964
lookAheadGreedyYield 0.901887 0.896404 0.88075
nextEvLexMin 0.897022 0.897069 0.881447
fairShare 0.870182 0.93143 0.916282
FCFS 0.688824 0.846907 0.8331
greedyYield 0.921949 0.916684 0.901225
greedyCom 0.874466 0.973123 0.957134
Set10Learn 0.856449 0.940551 0.924823
fixedWindow 0.922064 0.917232 0.901803
lookAheadGreedyYield 0.916936 0.92034 0.904828
nextEvLexMin 0.914841 0.922517 0.907053
fairShare 0.847068 0.926727 0.911518
FCFS 0.677087 0.832093 0.817982
greedyYield 0.899856 0.88781 0.872406
greedyCom 0.827621 0.967529 0.951434
Set10Learn 0.848235 0.938591 0.922789
fixedWindow 0.899759 0.888042 0.872694
lookAheadGreedyYield 0.898316 0.898726 0.883324
nextEvLexMin 0.896279 0.898717 0.883385
