fairShare 0.793602 0.89802 0.88205
FCFS 0.667447 0.788664 0.773921
greedyYield 0.866207 0.84668 0.830473
greedyCom 0.682235 0.947044 0.930197
Set10Learn 0.753486 0.911696 0.894963
fixedWindow 0.86609 0.846344 0.830188
lookAheadGreedyYield 0.855134 0.85944 0.843201
nextEvLexMin 0.855154 0.867377 0.851133
fairShare 0.801961 0.897851 0.881612
FCFS 0.625059 0.785116 0.77043
greedyYield 0.868045 0.849983 0.833509
greedyCom 0.603124 0.936247 0.919412
Set10Learn 0.763568 0.893118 0.876439
fixedWindow 0.867869 0.849102 0.832682
lookAheadGreedyYield 0.854832 0.857656 0.841179
nextEvLexMin 0.85199 0.86573 0.849285
fairShare 0.815528 0.893099 0.877093
FCFS 0.687694 0.804447 0.789764
greedyYield 0.878032 0.862716 0.846354
greedyCom 0.63936 0.940339 0.923459
Set10Learn 0.789826 0.897295 0.880595
fixedWindow 0.877944 0.862477 0.846153
lookAheadGreedyYield 0.879996 0.872196 0.855736
nextEvLexMin 0.875967 0.873874 0.857464
fairShare 0.804477 0.894721 0.878541
FCFS 0.63039 0.802825 0.787956
greedyYield 0.871032 0.858425 0.841885
greedyCom 0.689528 0.939393 0.922522
Set10Learn 0.792065 0.898962 0.88215
fixedWindow 0.870267 0.856839 0.840361
lookAheadGreedyYield 0.864278 0.869363 0.852813
nextEvLexMin 0.861007 0.873019 0.856525
fairShare 0.824024 0.897198 0.88112
FCFS 0.682922 0.820203 0.805422
greedyYield 0.880087 0.869891 0.85348
greedyCom 0.586782 0.936372 0.919564
Set10Learn 0.800564 0.895841 0.879246
fixedWindow 0.879924 0.869635 0.853252
lookAheadGreedyYield 0.870322 0.874511 0.858162
nextEvLexMin 0.870039 0.879621 0.863284
fairShare 0.793174 0.895468 0.879304
FCFS 0.582248 0.785792 0.771097
greedyYield 0.869167 0.857398 0.840851
greedyCom 0.536151 0.932672 0.915739
Set10Learn 0.765162 0.895733 0.878984
fixedWindow 0.87082 0.8619 0.845323
lookAheadGreedyYield 0.864232 0.861824 0.845258
nextEvLexMin 0.866823 0.866323 0.849812
fairShare 0.795405 0.892759 0.876759
FCFS 0.646839 0.784909 0.770272
greedyYield 0.865977 0.850469 0.834074
greedyCom 0.59868 0.937281 0.92039
Set10Learn 0.759062 0.902937 0.886172
fixedWindow 0.865924 0.850253 0.833917
lookAheadGreedyYield 0.853913 0.853088 0.836712
nextEvLexMin 0.853811 0.857494 0.841155
fairShare 0.765013 0.889485 0.873334
FCFS 0.650318 0.802108 0.787285
greedyYield 0.86219 0.850863 0.834511
greedyCom 0.570329 0.940432 0.92356
Set10Learn 0.734135 0.898338 0.881588
fixedWindow 0.862775 0.852209 0.835872
lookAheadGreedyYield 0.860296 0.854019 0.837662
nextEvLexMin 0.861017 0.861656 0.845295
fairShare 0.793032 0.891533 0.875584
FCFS 0.655309 0.795056 0.780571
greedyYield 0.86108 0.844346 0.82821
greedyCom 0.687405 0.941982 0.925106
Set10Learn 0.767994 0.899126 0.882512
fixedWindow 0.861081 0.844383 0.828273
lookAheadGreedyYield 0.851445 0.857946 0.84177
nextEvLexMin 0.847861 0.869184 0.853046
fairShare 0.762076 0.889884 0.873794
FCFS 0.603663 0.740363 0.725469
greedyYield 0.861082 0.825036 0.808503
greedyCom 0.619187 0.939776 0.922882
Set10Learn 0.751628 0.891623 0.874895
fixedWindow 0.859451 0.821504 0.805143
lookAheadGreedyYield 0.841968 0.841476 0.824897
nextEvLexMin 0.845075 0.851761 0.83518
