fairShare 0.809042 0.878446 0.862389
FCFS 0.610733 0.775132 0.760528
greedyYield 0.87538 0.862157 0.845532
greedyCom 0.605783 0.937991 0.920977
Set10Learn 0.771437 0.904285 0.887382
fixedWindow 0.875122 0.861659 0.845101
lookAheadGreedyYield 0.87164 0.869015 0.852428
nextEvLexMin 0.869101 0.872857 0.85633
fairShare 0.797493 0.890997 0.874922
FCFS 0.66235 0.780082 0.765351
greedyYield 0.866853 0.837016 0.8207
greedyCom 0.54517 0.941352 0.924472
Set10Learn 0.739548 0.896204 0.879477
fixedWindow 0.866786 0.836556 0.820281
lookAheadGreedyYield 0.863579 0.847736 0.831459
nextEvLexMin 0.858564 0.857435 0.841131
fairShare 0.788729 0.886671 0.870364
FCFS 0.535955 0.791493 0.776838
greedyYield 0.873022 0.847779 0.830814
greedyCom 0.502401 0.935359 0.917964
Set10Learn 0.732436 0.881144 0.863943
fixedWindow 0.873027 0.847807 0.830866
lookAheadGreedyYield 0.868159 0.861576 0.844579
nextEvLexMin 0.863176 0.867458 0.850593
fairShare 0.764589 0.888107 0.87201
FCFS 0.631206 0.785385 0.770802
greedyYield 0.866009 0.840124 0.823856
greedyCom 0.507758 0.939127 0.922241
Set10Learn 0.742551 0.889302 0.872766
fixedWindow 0.865955 0.840017 0.823768
lookAheadGreedyYield 0.841624 0.851475 0.835139
nextEvLexMin 0.83876 0.862522 0.846193
fairShare 0.797476 0.889466 0.871353
FCFS 0.488929 0.772761 0.757868
greedyYield 0.875369 0.852954 0.834047
greedyCom 0.675005 0.942715 0.923163
Set10Learn 0.769921 0.896858 0.877639
fixedWindow 0.875377 0.852923 0.83406
lookAheadGreedyYield 0.871552 0.85798 0.839086
nextEvLexMin 0.79344 0.866468 0.848077
fairShare 0.811363 0.887013 0.871047
FCFS 0.638747 0.801111 0.786236
greedyYield 0.874058 0.857194 0.840704
greedyCom 0.553995 0.932658 0.915774
Set10Learn 0.716873 0.900286 0.883572
fixedWindow 0.873884 0.856812 0.840385
lookAheadGreedyYield 0.873168 0.872963 0.856503
nextEvLexMin 0.868636 0.882119 0.865683
fairShare 0.794365 0.894963 0.878382
FCFS 0.545338 0.7835 0.768621
greedyYield 0.867656 0.851927 0.835185
greedyCom 0.640723 0.942088 0.924639
Set10Learn 0.770704 0.903874 0.886758
fixedWindow 0.867875 0.852322 0.835607
lookAheadGreedyYield 0.86676 0.859092 0.842338
nextEvLexMin 0.857418 0.870293 0.853499
fairShare 0.806519 0.898646 0.882648
FCFS 0.592785 0.799564 0.785206
greedyYield 0.864301 0.837267 0.820853
greedyCom 0.564879 0.940042 0.923124
Set10Learn 0.771426 0.889095 0.872469
fixedWindow 0.863722 0.836058 0.819681
lookAheadGreedyYield 0.860227 0.851322 0.834974
nextEvLexMin 0.844863 0.874497 0.858103
fairShare 0.814537 0.905199 0.889021
FCFS 0.592261 0.767676 0.75293
greedyYield 0.875319 0.852547 0.836117
greedyCom 0.661436 0.945737 0.928751
Set10Learn 0.736811 0.905695 0.888926
fixedWindow 0.875352 0.852571 0.836202
lookAheadGreedyYield 0.86673 0.85823 0.841894
nextEvLexMin 0.8583 0.866394 0.850145
fairShare 0.790333 0.890126 0.874124
FCFS 0.599877 0.802684 0.787959
greedyYield 0.869999 0.857984 0.841513
greedyCom 0.581725 0.94027 0.92335
Set10Learn 0.739646 0.896698 0.879976
fixedWindow 0.869957 0.857851 0.841424
lookAheadGreedyYield 0.869495 0.861715 0.845245
nextEvLexMin 0.868445 0.866952 0.850494
