fairShare 0.773091 0.893794 0.877781
FCFS 0.654757 0.77439 0.759723
greedyYield 0.85642 0.835476 0.819354
greedyCom 0.655848 0.944547 0.92774
Set10Learn 0.783792 0.906461 0.8897
fixedWindow 0.856442 0.835423 0.819368
lookAheadGreedyYield 0.849996 0.847791 0.83162
nextEvLexMin 0.851174 0.850668 0.834562
fairShare 0.768284 0.870348 0.854354
FCFS 0.659788 0.770169 0.755213
greedyYield 0.865772 0.83761 0.821088
greedyCom 0.57227 0.927275 0.910401
Set10Learn 0.753806 0.882949 0.866114
fixedWindow 0.866056 0.8384 0.821955
lookAheadGreedyYield 0.857804 0.84741 0.830924
nextEvLexMin 0.85711 0.852715 0.836276
fairShare 0.79996 0.891049 0.87491
FCFS 0.673926 0.802244 0.787267
greedyYield 0.869746 0.855844 0.839163
greedyCom 0.584308 0.931918 0.915042
Set10Learn 0.769323 0.889324 0.872556
fixedWindow 0.869707 0.855763 0.839138
lookAheadGreedyYield 0.85659 0.860884 0.844191
nextEvLexMin 0.857777 0.864216 0.847547
fairShare 0.795495 0.882101 0.866115
FCFS 0.681996 0.801976 0.787174
greedyYield 0.85751 0.833854 0.817483
greedyCom 0.567454 0.93612 0.919302
Set10Learn 0.7581 0.885386 0.868572
fixedWindow 0.857571 0.834072 0.817747
lookAheadGreedyYield 0.827926 0.850798 0.834431
nextEvLexMin 0.851727 0.856506 0.840221
fairShare 0.76884 0.890122 0.874298
FCFS 0.651911 0.779597 0.765031
greedyYield 0.862827 0.84396 0.827702
greedyCom 0.644967 0.944993 0.928225
Set10Learn 0.766661 0.90824 0.891632
fixedWindow 0.86136 0.841165 0.825053
lookAheadGreedyYield 0.859144 0.850181 0.833992
nextEvLexMin 0.859044 0.86054 0.844274
fairShare 0.761929 0.886925 0.870974
FCFS 0.652882 0.775112 0.760406
greedyYield 0.859988 0.83571 0.819485
greedyCom 0.531527 0.941586 0.924716
Set10Learn 0.789519 0.90928 0.892461
fixedWindow 0.860075 0.835887 0.819759
lookAheadGreedyYield 0.860623 0.848749 0.832436
nextEvLexMin 0.85579 0.853451 0.837196
fairShare 0.77334 0.870725 0.854778
FCFS 0.651884 0.767813 0.752813
greedyYield 0.856887 0.830786 0.814465
greedyCom 0.521463 0.934401 0.917518
Set10Learn 0.764438 0.886157 0.869466
fixedWindow 0.856836 0.830912 0.814706
lookAheadGreedyYield 0.830057 0.845844 0.829435
nextEvLexMin 0.823526 0.850703 0.834343
fairShare 0.795813 0.889802 0.873912
FCFS 0.653666 0.772446 0.757658
greedyYield 0.86575 0.85262 0.836296
greedyCom 0.650492 0.941942 0.925268
Set10Learn 0.791108 0.910207 0.893588
fixedWindow 0.864889 0.850953 0.834688
lookAheadGreedyYield 0.864223 0.855496 0.839175
nextEvLexMin 0.860956 0.863481 0.847192
fairShare 0.797224 0.895427 0.879422
FCFS 0.652421 0.777745 0.762855
greedyYield 0.862609 0.838455 0.822144
greedyCom 0.613513 0.941139 0.924267
Set10Learn 0.779949 0.902333 0.885468
fixedWindow 0.862676 0.838741 0.82253
lookAheadGreedyYield 0.860875 0.85601 0.8395
nextEvLexMin 0.855562 0.864543 0.84812
fairShare 0.793968 0.88902 0.872737
FCFS 0.648047 0.757642 0.742775
greedyYield 0.867599 0.845118 0.828615
greedyCom 0.585519 0.934585 0.917729
Set10Learn 0.755183 0.893199 0.876466
fixedWindow 0.867299 0.8445 0.828114
lookAheadGreedyYield 0.864991 0.85119 0.834698
nextEvLexMin 0.864705 0.853907 0.837409
