fairShare 0.786759 0.909518 0.893737
FCFS 0.593973 0.78874 0.77435
greedyYield 0.860972 0.829679 0.81362
greedyCom 0.72638 0.953963 0.937219
Set10Learn 0.75061 0.906223 0.889808
fixedWindow 0.86139 0.829697 0.813681
lookAheadGreedyYield 0.855836 0.850679 0.834616
nextEvLexMin 0.855626 0.858726 0.842663
fairShare 0.791092 0.887856 0.87162
FCFS 0.573711 0.775194 0.760273
greedyYield 0.856285 0.820895 0.804456
greedyCom 0.429041 0.933721 0.916719
Set10Learn 0.730946 0.870032 0.853025
fixedWindow 0.856274 0.820745 0.804358
lookAheadGreedyYield 0.84603 0.841948 0.825425
nextEvLexMin 0.845867 0.84572 0.829279
fairShare 0.812201 0.897571 0.881571
FCFS 0.667168 0.803 0.788223
greedyYield 0.866249 0.84427 0.828162
greedyCom 0.617107 0.946644 0.929748
Set10Learn 0.74231 0.892548 0.875943
fixedWindow 0.866846 0.846519 0.830395
lookAheadGreedyYield 0.863965 0.864616 0.848467
nextEvLexMin 0.859844 0.861664 0.84557
fairShare 0.802981 0.897864 0.881403
FCFS 0.572966 0.793704 0.779061
greedyYield 0.877299 0.867271 0.850376
greedyCom 0.687134 0.93731 0.919952
Set10Learn 0.770097 0.893049 0.87605
fixedWindow 0.877314 0.867306 0.850458
lookAheadGreedyYield 0.863446 0.872167 0.855323
nextEvLexMin 0.862187 0.873733 0.856883
fairShare 0.790463 0.889507 0.87354
FCFS 0.616907 0.783947 0.769319
greedyYield 0.861473 0.836403 0.820043
greedyCom 0.617903 0.934867 0.918051
Set10Learn 0.697617 0.894533 0.877886
fixedWindow 0.861443 0.836137 0.819815
lookAheadGreedyYield 0.836924 0.854807 0.838428
nextEvLexMin 0.836899 0.861736 0.845384
fairShare 0.796604 0.881885 0.865699
FCFS 0.629343 0.77653 0.761647
greedyYield 0.867795 0.854502 0.83812
greedyCom 0.467349 0.933329 0.916444
Set10Learn 0.761052 0.892638 0.87596
fixedWindow 0.867783 0.85446 0.838117
lookAheadGreedyYield 0.866518 0.858609 0.842148
nextEvLexMin 0.866595 0.863204 0.84682
fairShare 0.797918 0.899793 0.883485
FCFS 0.563336 0.790443 0.775916
greedyYield 0.874992 0.862114 0.845665
greedyCom 0.669299 0.952111 0.934903
Set10Learn 0.785507 0.908247 0.891392
fixedWindow 0.87499 0.862149 0.845729
lookAheadGreedyYield 0.857744 0.867851 0.851419
nextEvLexMin 0.859019 0.873608 0.857215
fairShare 0.792465 0.889923 0.873776
FCFS 0.640192 0.795271 0.780503
greedyYield 0.864912 0.840023 0.823582
greedyCom 0.600329 0.931672 0.914784
Set10Learn 0.720097 0.890717 0.87413
fixedWindow 0.864848 0.839815 0.823408
lookAheadGreedyYield 0.834034 0.855162 0.838664
nextEvLexMin 0.853036 0.858306 0.841819
fairShare 0.795794 0.895616 0.879866
FCFS 0.660552 0.815996 0.801626
greedyYield 0.876703 0.859889 0.843675
greedyCom 0.654239 0.945326 0.928596
Set10Learn 0.764145 0.901782 0.885433
fixedWindow 0.876628 0.858296 0.84211
lookAheadGreedyYield 0.852313 0.86898 0.852877
nextEvLexMin 0.856231 0.875823 0.859684
fairShare 0.799738 0.898974 0.882979
FCFS 0.574233 0.780673 0.76635
greedyYield 0.868757 0.848033 0.83177
greedyCom 0.674098 0.948953 0.931986
Set10Learn 0.768247 0.896717 0.88014
fixedWindow 0.868677 0.847868 0.831658
lookAheadGreedyYield 0.865656 0.862674 0.846412
nextEvLexMin 0.856989 0.866011 0.849742
