fairShare 0.903503 0.95518 0.941026
FCFS 0.759403 0.866937 0.854037
greedyYield 0.941326 0.938136 0.923881
greedyCom 0.895194 0.982078 0.967435
Set10Learn 0.913213 0.965258 0.950814
fixedWindow 0.941306 0.938013 0.923777
lookAheadGreedyYield 0.939776 0.93979 0.925532
nextEvLexMin 0.939112 0.943319 0.929075
fairShare 0.864668 0.948647 0.934315
FCFS 0.732364 0.838031 0.82493
greedyYield 0.923216 0.919766 0.9053
greedyCom 0.826271 0.980229 0.965181
Set10Learn 0.889804 0.95847 0.943612
fixedWindow 0.923216 0.920263 0.905855
lookAheadGreedyYield 0.923216 0.922667 0.908191
nextEvLexMin 0.923213 0.925077 0.910634
fairShare 0.90221 0.94333 0.928836
FCFS 0.673996 0.852005 0.838717
greedyYield 0.942238 0.933747 0.919002
greedyCom 0.880313 0.979558 0.964428
Set10Learn 0.895058 0.953863 0.9389
fixedWindow 0.942237 0.933756 0.919039
lookAheadGreedyYield 0.942064 0.937968 0.923225
nextEvLexMin 0.940151 0.936911 0.922196
fairShare 0.902874 0.95222 0.937872
FCFS 0.751561 0.862888 0.849906
greedyYield 0.93261 0.92665 0.912362
greedyCom 0.899825 0.981835 0.966965
Set10Learn 0.912696 0.962938 0.948307
fixedWindow 0.932538 0.927179 0.912917
lookAheadGreedyYield 0.930735 0.93233 0.918048
nextEvLexMin 0.924795 0.934046 0.919799
fairShare 0.902476 0.955887 0.941606
FCFS 0.696694 0.847832 0.835064
greedyYield 0.929553 0.9174 0.903158
greedyCom 0.878637 0.982149 0.967317
Set10Learn 0.893054 0.947754 0.933339
fixedWindow 0.929705 0.918619 0.904379
lookAheadGreedyYield 0.92922 0.926001 0.911714
nextEvLexMin 0.924226 0.923948 0.909795
fairShare 0.895586 0.944025 0.92942
FCFS 0.693644 0.820851 0.8075
greedyYield 0.931995 0.919916 0.905041
greedyCom 0.865719 0.977964 0.962685
Set10Learn 0.9041 0.953391 0.938208
fixedWindow 0.931261 0.920021 0.905227
lookAheadGreedyYield 0.931341 0.921411 0.906522
nextEvLexMin 0.927506 0.925384 0.910559
fairShare 0.899599 0.947974 0.933483
FCFS 0.650295 0.84068 0.827725
greedyYield 0.933837 0.925713 0.911077
greedyCom 0.881677 0.979765 0.964633
Set10Learn 0.909513 0.957928 0.943051
fixedWindow 0.93393 0.92563 0.91101
lookAheadGreedyYield 0.933926 0.932412 0.917765
nextEvLexMin 0.913506 0.938518 0.923909
fairShare 0.897541 0.941806 0.927339
FCFS 0.73729 0.849739 0.836469
greedyYield 0.941132 0.936812 0.922114
greedyCom 0.903889 0.980422 0.96533
Set10Learn 0.915114 0.956139 0.941264
fixedWindow 0.941506 0.936811 0.922125
lookAheadGreedyYield 0.940762 0.941889 0.927182
nextEvLexMin 0.939251 0.942468 0.927759
fairShare 0.899836 0.953896 0.939617
FCFS 0.694267 0.863873 0.850783
greedyYield 0.938235 0.933515 0.919025
greedyCom 0.900986 0.981985 0.967137
Set10Learn 0.916636 0.96015 0.945509
fixedWindow 0.938514 0.932535 0.918051
lookAheadGreedyYield 0.938551 0.935678 0.921156
nextEvLexMin 0.9367 0.94091 0.926422
fairShare 0.914615 0.950976 0.936782
FCFS 0.707505 0.871519 0.858516
greedyYield 0.945974 0.946004 0.93161
greedyCom 0.912897 0.982304 0.967499
Set10Learn 0.907117 0.963135 0.948635
fixedWindow 0.94599 0.944581 0.930204
lookAheadGreedyYield 0.946126 0.949025 0.934594
nextEvLexMin 0.943453 0.949295 0.934908
