fairShare 0.809042 0.885212 0.869105
FCFS 0.345931 0.782795 0.768321
greedyYield 0.884493 0.885946 0.869405
greedyCom 0.36798 0.937567 0.92058
Set10Learn 0.681265 0.906303 0.88948
fixedWindow 0.884091 0.885568 0.869042
lookAheadGreedyYield 0.88338 0.888523 0.871972
nextEvLexMin 0.876788 0.886393 0.869939
fairShare 0.797493 0.89668 0.880592
FCFS 0.429459 0.783007 0.768334
greedyYield 0.878912 0.881432 0.865015
greedyCom 0.41303 0.943445 0.926549
Set10Learn 0.565043 0.894333 0.877613
fixedWindow 0.87929 0.881679 0.865267
lookAheadGreedyYield 0.873759 0.88979 0.873333
nextEvLexMin 0.868278 0.884397 0.86803
fairShare 0.788729 0.894507 0.878217
FCFS 0.207919 0.800358 0.785771
greedyYield 0.885873 0.887319 0.870476
greedyCom 0.325406 0.940513 0.923186
Set10Learn 0.575205 0.890939 0.873808
fixedWindow 0.885633 0.887109 0.870273
lookAheadGreedyYield 0.879424 0.89029 0.873509
nextEvLexMin 0.872037 0.888483 0.871779
fairShare 0.764589 0.892037 0.876026
FCFS 0.436613 0.789937 0.775364
greedyYield 0.885953 0.887452 0.871002
greedyCom 0.426895 0.942369 0.925483
Set10Learn 0.626873 0.905671 0.888921
fixedWindow 0.88607 0.887569 0.871132
lookAheadGreedyYield 0.871536 0.888096 0.871676
nextEvLexMin 0.850972 0.890862 0.874452
fairShare 0.797476 0.89529 0.877116
FCFS 0.171351 0.774361 0.759625
greedyYield 0.891436 0.89327 0.874371
greedyCom 0.249139 0.939584 0.920096
Set10Learn 0.593782 0.9045 0.885208
fixedWindow 0.89149 0.893307 0.87441
lookAheadGreedyYield 0.885628 0.891154 0.872348
nextEvLexMin 0.828272 0.893015 0.874387
fairShare 0.811363 0.89024 0.874299
FCFS 0.427715 0.804634 0.789798
greedyYield 0.888723 0.890786 0.874295
greedyCom 0.238583 0.935981 0.919108
Set10Learn 0.603764 0.904379 0.887675
fixedWindow 0.888772 0.890767 0.874287
lookAheadGreedyYield 0.886179 0.894369 0.877953
nextEvLexMin 0.884931 0.895596 0.879202
fairShare 0.794365 0.891539 0.875046
FCFS 0.173607 0.774035 0.759297
greedyYield 0.884562 0.885765 0.868871
greedyCom 0.406945 0.940569 0.923111
Set10Learn 0.682035 0.908711 0.891526
fixedWindow 0.884502 0.885699 0.868809
lookAheadGreedyYield 0.879939 0.887084 0.870248
nextEvLexMin 0.87719 0.887072 0.870308
fairShare 0.806519 0.896586 0.880624
FCFS 0.337251 0.801427 0.787033
greedyYield 0.880873 0.8822 0.865732
greedyCom 0.288833 0.940012 0.923039
Set10Learn 0.652398 0.89451 0.877735
fixedWindow 0.880702 0.882019 0.865561
lookAheadGreedyYield 0.872672 0.880305 0.863964
nextEvLexMin 0.854585 0.884421 0.868133
fairShare 0.814537 0.904654 0.888543
FCFS 0.264496 0.768128 0.75353
greedyYield 0.883081 0.885084 0.86867
greedyCom 0.525742 0.946443 0.929467
Set10Learn 0.67232 0.920041 0.903202
fixedWindow 0.882863 0.88486 0.86846
lookAheadGreedyYield 0.881927 0.892108 0.875661
nextEvLexMin 0.874084 0.89076 0.874449
fairShare 0.790333 0.886894 0.870871
FCFS 0.356023 0.800001 0.785329
greedyYield 0.886345 0.887831 0.871273
greedyCom 0.351722 0.936329 0.919409
Set10Learn 0.614903 0.893982 0.877228
fixedWindow 0.886358 0.887886 0.871336
lookAheadGreedyYield 0.879499 0.886033 0.869536
nextEvLexMin 0.877977 0.885732 0.869293
