fairShare 0.983893 0.992194 0.983556
FCFS 0.744782 0.94663 0.938409
greedyYield 0.989771 0.9906 0.981976
greedyCom 0.986674 0.996861 0.988182
Set10Learn 0.986087 0.992209 0.983562
fixedWindow 0.989697 0.990595 0.981974
lookAheadGreedyYield 0.991215 0.992016 0.983376
nextEvLexMin 0.989599 0.990706 0.98208
fairShare 0.980928 0.992725 0.98415
FCFS 0.67714 0.942948 0.934787
greedyYield 0.99056 0.991511 0.982932
greedyCom 0.988345 0.99705 0.98843
Set10Learn 0.9861 0.992686 0.984081
fixedWindow 0.99067 0.991611 0.983037
lookAheadGreedyYield 0.990782 0.99231 0.983727
nextEvLexMin 0.987519 0.990614 0.982041
fairShare 0.982286 0.992655 0.984133
FCFS 0.728568 0.951824 0.943653
greedyYield 0.989998 0.99086 0.982327
greedyCom 0.986523 0.996889 0.988318
Set10Learn 0.985123 0.991802 0.983233
fixedWindow 0.990036 0.990902 0.982379
lookAheadGreedyYield 0.991559 0.992472 0.983914
nextEvLexMin 0.989682 0.991007 0.982479
fairShare 0.985366 0.992903 0.984533
FCFS 0.815238 0.944571 0.936514
greedyYield 0.992216 0.992833 0.984456
greedyCom 0.986382 0.997062 0.988653
Set10Learn 0.98531 0.992564 0.984181
fixedWindow 0.992069 0.992705 0.984347
lookAheadGreedyYield 0.992936 0.993584 0.985196
nextEvLexMin 0.991749 0.992474 0.984098
fairShare 0.982473 0.99232 0.983845
FCFS 0.847134 0.95041 0.94226
greedyYield 0.98982 0.990664 0.982193
greedyCom 0.98734 0.996944 0.988424
Set10Learn 0.987236 0.991971 0.983487
fixedWindow 0.989757 0.990581 0.982129
lookAheadGreedyYield 0.990969 0.992134 0.983656
nextEvLexMin 0.989186 0.99043 0.981966
fairShare 0.984102 0.992591 0.984055
FCFS 0.810355 0.959279 0.951092
greedyYield 0.991724 0.992481 0.983934
greedyCom 0.983043 0.996729 0.988142
Set10Learn 0.987443 0.993601 0.985041
fixedWindow 0.991867 0.992543 0.984004
lookAheadGreedyYield 0.992251 0.993217 0.984665
nextEvLexMin 0.991284 0.992315 0.983776
fairShare 0.986061 0.992694 0.984184
FCFS 0.812739 0.953146 0.944963
greedyYield 0.991698 0.992337 0.983826
greedyCom 0.98788 0.996978 0.988426
Set10Learn 0.98112 0.992734 0.984213
fixedWindow 0.99174 0.992272 0.983772
lookAheadGreedyYield 0.9927 0.993556 0.985034
nextEvLexMin 0.991773 0.992356 0.983848
fairShare 0.98662 0.993201 0.984684
FCFS 0.729816 0.954378 0.946245
greedyYield 0.991976 0.992681 0.984169
greedyCom 0.987746 0.997045 0.988487
Set10Learn 0.987979 0.993483 0.984957
fixedWindow 0.991991 0.992675 0.98417
lookAheadGreedyYield 0.992656 0.993495 0.98497
nextEvLexMin 0.991489 0.992594 0.984084
fairShare 0.977871 0.99257 0.983865
FCFS 0.704686 0.942123 0.933861
greedyYield 0.988718 0.989817 0.981118
greedyCom 0.980704 0.996906 0.988146
Set10Learn 0.98256 0.992783 0.984043
fixedWindow 0.988766 0.989906 0.981212
lookAheadGreedyYield 0.989872 0.99112 0.982412
nextEvLexMin 0.987322 0.989161 0.980467
fairShare 0.985118 0.993106 0.98463
FCFS 0.779445 0.941256 0.93315
greedyYield 0.990133 0.990743 0.982263
greedyCom 0.984141 0.996858 0.988344
Set10Learn 0.986096 0.993269 0.984779
fixedWindow 0.990226 0.990832 0.982359
lookAheadGreedyYield 0.991708 0.992392 0.983891
nextEvLexMin 0.989919 0.990895 0.982415
