fairShare 0.797806 0.892558 0.876524
FCFS 0.314109 0.797662 0.782831
greedyYield 0.889583 0.890707 0.874126
greedyCom 0.152369 0.930277 0.913367
Set10Learn 0.605644 0.893553 0.87671
fixedWindow 0.88946 0.890675 0.87411
lookAheadGreedyYield 0.862561 0.892476 0.875941
nextEvLexMin 0.871496 0.891811 0.875294
fairShare 0.806023 0.896854 0.880873
FCFS 0.389511 0.799752 0.785347
greedyYield 0.880523 0.882217 0.865885
greedyCom 0.314568 0.943061 0.926193
Set10Learn 0.689698 0.899895 0.883208
fixedWindow 0.880474 0.882153 0.865828
lookAheadGreedyYield 0.879934 0.88774 0.871368
nextEvLexMin 0.870877 0.88301 0.866822
fairShare 0.806431 0.893511 0.877406
FCFS 0.307829 0.784577 0.770015
greedyYield 0.890483 0.89255 0.875909
greedyCom 0.0547406 0.935978 0.918997
Set10Learn 0.653628 0.897822 0.880989
fixedWindow 0.890246 0.892332 0.875702
lookAheadGreedyYield 0.885824 0.893671 0.877119
nextEvLexMin 0.883117 0.894689 0.87815
fairShare 0.814482 0.893191 0.877093
FCFS 0.410048 0.796423 0.781844
greedyYield 0.879321 0.880882 0.86447
greedyCom 0.221359 0.938889 0.921926
Set10Learn 0.580304 0.903149 0.88635
fixedWindow 0.879164 0.880738 0.864338
lookAheadGreedyYield 0.879592 0.889165 0.872719
nextEvLexMin 0.875353 0.887313 0.870915
fairShare 0.800306 0.892385 0.876456
FCFS 0.408903 0.749021 0.734524
greedyYield 0.875615 0.87713 0.860853
greedyCom 0.441039 0.942462 0.925614
Set10Learn 0.725915 0.904641 0.887978
fixedWindow 0.875563 0.877052 0.860792
lookAheadGreedyYield 0.877447 0.882312 0.865985
nextEvLexMin 0.872589 0.88255 0.866276
fairShare 0.814667 0.886189 0.869638
FCFS 0.180729 0.813302 0.798393
greedyYield 0.886287 0.888273 0.871208
greedyCom 0.312708 0.931025 0.913508
Set10Learn 0.610695 0.894013 0.876693
fixedWindow 0.886248 0.888253 0.871195
lookAheadGreedyYield 0.831047 0.888125 0.871154
nextEvLexMin 0.864548 0.884263 0.867372
fairShare 0.798486 0.898151 0.881874
FCFS 0.249875 0.792074 0.777616
greedyYield 0.885521 0.886298 0.869696
greedyCom 0.405717 0.938829 0.921695
Set10Learn 0.565882 0.887392 0.870587
fixedWindow 0.885892 0.886654 0.87005
lookAheadGreedyYield 0.881745 0.887399 0.870852
nextEvLexMin 0.876722 0.887822 0.871307
fairShare 0.797209 0.889572 0.873592
FCFS 0.445473 0.792737 0.778194
greedyYield 0.881854 0.883763 0.867369
greedyCom 0.291625 0.938105 0.921258
Set10Learn 0.655779 0.900061 0.883358
fixedWindow 0.88188 0.883768 0.867384
lookAheadGreedyYield 0.873014 0.88328 0.866955
nextEvLexMin 0.8605 0.885067 0.868751
fairShare 0.790551 0.890655 0.874563
FCFS 0.234683 0.794957 0.780203
greedyYield 0.88547 0.88665 0.870064
greedyCom 0.2099 0.934814 0.917783
Set10Learn 0.663696 0.902645 0.885802
fixedWindow 0.885418 0.886581 0.870001
lookAheadGreedyYield 0.874652 0.890727 0.874202
nextEvLexMin 0.869164 0.887476 0.871052
fairShare 0.80601 0.893299 0.877159
FCFS 0.265002 0.796832 0.782123
greedyYield 0.882654 0.883896 0.867315
greedyCom 0.301281 0.938179 0.921087
Set10Learn 0.616827 0.895254 0.878396
fixedWindow 0.882699 0.884003 0.867426
lookAheadGreedyYield 0.865143 0.882152 0.865632
nextEvLexMin 0.860618 0.883778 0.867285
