fairShare 0.944053 0.967975 0.955015
FCFS 0.483062 0.898443 0.886654
greedyYield 0.968396 0.96997 0.956898
greedyCom 0.939765 0.988121 0.974837
Set10Learn 0.931681 0.974058 0.960895
fixedWindow 0.968392 0.969955 0.956896
lookAheadGreedyYield 0.966642 0.970443 0.95738
nextEvLexMin 0.955238 0.968063 0.955039
fairShare 0.923846 0.969952 0.955874
FCFS 0.287393 0.894287 0.88166
greedyYield 0.965329 0.967413 0.953135
greedyCom 0.923375 0.988313 0.973845
Set10Learn 0.936385 0.975435 0.961108
fixedWindow 0.965265 0.96745 0.95318
lookAheadGreedyYield 0.967495 0.971946 0.95762
nextEvLexMin 0.963101 0.969185 0.954933
fairShare 0.911322 0.967795 0.954703
FCFS 0.393079 0.895153 0.883029
greedyYield 0.965234 0.967593 0.954256
greedyCom 0.910829 0.987509 0.974037
Set10Learn 0.916181 0.969823 0.956415
fixedWindow 0.964875 0.967035 0.953718
lookAheadGreedyYield 0.966743 0.971143 0.95778
nextEvLexMin 0.949855 0.966645 0.953359
fairShare 0.929868 0.965551 0.95248
FCFS 0.376681 0.89992 0.887775
greedyYield 0.968957 0.970373 0.95717
greedyCom 0.931267 0.987593 0.974191
Set10Learn 0.945373 0.979227 0.965927
fixedWindow 0.968953 0.970392 0.957196
lookAheadGreedyYield 0.969346 0.971578 0.958363
nextEvLexMin 0.964495 0.968615 0.955445
fairShare 0.927969 0.965755 0.951184
FCFS 0.326691 0.890738 0.878314
greedyYield 0.964517 0.966125 0.9514
greedyCom 0.9289 0.987806 0.972768
Set10Learn 0.929567 0.972947 0.95809
fixedWindow 0.964583 0.966 0.951277
lookAheadGreedyYield 0.968727 0.971276 0.956489
nextEvLexMin 0.932587 0.966644 0.951975
fairShare 0.944291 0.970206 0.957186
FCFS 0.440269 0.880503 0.868583
greedyYield 0.965035 0.96705 0.954007
greedyCom 0.941601 0.988242 0.97496
Set10Learn 0.949009 0.976701 0.963514
fixedWindow 0.964961 0.966873 0.953839
lookAheadGreedyYield 0.969189 0.972831 0.95971
nextEvLexMin 0.964338 0.968881 0.955828
fairShare 0.937789 0.97222 0.959268
FCFS 0.485472 0.90408 0.891978
greedyYield 0.969417 0.971167 0.958086
greedyCom 0.957026 0.98907 0.975816
Set10Learn 0.94653 0.974367 0.961247
fixedWindow 0.969682 0.971526 0.958463
lookAheadGreedyYield 0.972418 0.975405 0.962283
nextEvLexMin 0.96882 0.972079 0.958999
fairShare 0.923033 0.964535 0.951482
FCFS 0.425852 0.887791 0.875506
greedyYield 0.960757 0.963018 0.949853
greedyCom 0.923284 0.985987 0.972549
Set10Learn 0.918798 0.969439 0.95609
fixedWindow 0.961674 0.963758 0.950596
lookAheadGreedyYield 0.962178 0.967691 0.954491
nextEvLexMin 0.937615 0.964179 0.951024
fairShare 0.930524 0.962868 0.949855
FCFS 0.476561 0.887827 0.875777
greedyYield 0.968709 0.970261 0.957029
greedyCom 0.924582 0.986235 0.972846
Set10Learn 0.926096 0.973425 0.960139
fixedWindow 0.968962 0.970428 0.95721
lookAheadGreedyYield 0.97163 0.973706 0.960433
nextEvLexMin 0.964948 0.968922 0.955725
fairShare 0.94044 0.969432 0.95641
FCFS 0.446544 0.893976 0.881795
greedyYield 0.96399 0.965246 0.952128
greedyCom 0.942682 0.987498 0.974171
Set10Learn 0.942617 0.975186 0.961857
fixedWindow 0.965004 0.966287 0.953179
lookAheadGreedyYield 0.967285 0.971042 0.957871
nextEvLexMin 0.962579 0.966932 0.953836
