fairShare 0.99755 0.999159 0.995344
FCFS 0.89296 0.988423 0.984679
greedyYield 0.998592 0.998837 0.995023
greedyCom 0.99846 0.999615 0.995798
Set10Learn 0.995244 0.998624 0.994812
fixedWindow 0.998612 0.998839 0.99503
lookAheadGreedyYield 0.998749 0.999114 0.995298
nextEvLexMin 0.996048 0.998787 0.994973
fairShare 0.998308 0.999171 0.995557
FCFS 0.951177 0.989644 0.986067
greedyYield 0.998731 0.998952 0.99534
greedyCom 0.998743 0.999634 0.996016
Set10Learn 0.99689 0.998938 0.995326
fixedWindow 0.99879 0.998974 0.995372
lookAheadGreedyYield 0.998994 0.999224 0.995609
nextEvLexMin 0.998764 0.998936 0.995323
fairShare 0.99792 0.99916 0.995579
FCFS 0.962087 0.989562 0.986016
greedyYield 0.998075 0.998534 0.994956
greedyCom 0.997741 0.999607 0.996023
Set10Learn 0.997172 0.998798 0.995216
fixedWindow 0.998081 0.998542 0.994974
lookAheadGreedyYield 0.998486 0.998905 0.995325
nextEvLexMin 0.997842 0.99865 0.995072
fairShare 0.998254 0.999229 0.995655
FCFS 0.958741 0.990833 0.987295
greedyYield 0.998704 0.998935 0.995365
greedyCom 0.998276 0.999619 0.996043
Set10Learn 0.996933 0.998956 0.995386
fixedWindow 0.998723 0.99894 0.995379
lookAheadGreedyYield 0.998854 0.999156 0.995581
nextEvLexMin 0.998658 0.998891 0.99532
fairShare 0.998382 0.999195 0.995556
FCFS 0.943373 0.990326 0.98672
greedyYield 0.998704 0.998994 0.995356
greedyCom 0.998686 0.999614 0.995975
Set10Learn 0.997045 0.998914 0.995275
fixedWindow 0.998645 0.998961 0.995333
lookAheadGreedyYield 0.998969 0.999221 0.995582
nextEvLexMin 0.998069 0.998964 0.995325
fairShare 0.997957 0.999162 0.995519
FCFS 0.923976 0.985311 0.981715
greedyYield 0.998157 0.998609 0.994968
greedyCom 0.998285 0.999617 0.995972
Set10Learn 0.996126 0.998595 0.994952
fixedWindow 0.998293 0.998634 0.995001
lookAheadGreedyYield 0.998509 0.99897 0.995328
nextEvLexMin 0.998059 0.998604 0.994963
fairShare 0.997633 0.999153 0.995452
FCFS 0.934341 0.992002 0.988332
greedyYield 0.998605 0.998939 0.995234
greedyCom 0.997949 0.999633 0.995929
Set10Learn 0.997502 0.999048 0.995342
fixedWindow 0.998628 0.998931 0.995236
lookAheadGreedyYield 0.998856 0.999199 0.995496
nextEvLexMin 0.998143 0.998884 0.995182
fairShare 0.99708 0.999124 0.994947
FCFS 0.877339 0.988429 0.984354
greedyYield 0.998653 0.998911 0.994734
greedyCom 0.997897 0.999597 0.995417
Set10Learn 0.996733 0.998694 0.994518
fixedWindow 0.998663 0.998908 0.994734
lookAheadGreedyYield 0.998715 0.999088 0.994911
nextEvLexMin 0.955017 0.998162 0.994009
fairShare 0.998289 0.999153 0.99546
FCFS 0.904154 0.990927 0.987274
greedyYield 0.998525 0.998905 0.99521
greedyCom 0.998162 0.999609 0.995915
Set10Learn 0.995947 0.999005 0.995311
fixedWindow 0.998522 0.998884 0.995198
lookAheadGreedyYield 0.998842 0.999167 0.995474
nextEvLexMin 0.998377 0.998868 0.995176
fairShare 0.997879 0.999181 0.995541
FCFS 0.941609 0.990464 0.986857
greedyYield 0.99854 0.998918 0.995279
greedyCom 0.9983 0.999605 0.995966
Set10Learn 0.997201 0.998965 0.995327
fixedWindow 0.998629 0.998953 0.995329
lookAheadGreedyYield 0.998661 0.999175 0.995535
nextEvLexMin 0.998515 0.998932 0.995294
