fairShare 0.751995 0.886622 0.870465
FCFS 0.396512 0.785084 0.770378
greedyYield 0.869491 0.872402 0.855963
greedyCom 0.329202 0.931399 0.914565
Set10Learn 0.556954 0.886373 0.869668
fixedWindow 0.869351 0.872153 0.855734
lookAheadGreedyYield 0.874017 0.881604 0.86506
nextEvLexMin 0.869478 0.879623 0.86316
fairShare 0.765823 0.895597 0.879434
FCFS 0.274329 0.792009 0.777562
greedyYield 0.870323 0.872209 0.855821
greedyCom 0.334586 0.941558 0.924533
Set10Learn 0.596509 0.895222 0.878395
fixedWindow 0.870431 0.872302 0.855921
lookAheadGreedyYield 0.86116 0.883335 0.866858
nextEvLexMin 0.861584 0.88044 0.864057
fairShare 0.7434 0.877005 0.860493
FCFS 0.160021 0.793363 0.778325
greedyYield 0.871311 0.873594 0.856684
greedyCom 0.130171 0.932291 0.914973
Set10Learn 0.558731 0.883077 0.865931
fixedWindow 0.871511 0.873762 0.856854
lookAheadGreedyYield 0.869349 0.875867 0.858938
nextEvLexMin 0.867253 0.87435 0.857474
fairShare 0.756561 0.890494 0.874386
FCFS 0.247777 0.736911 0.722242
greedyYield 0.869874 0.872351 0.855814
greedyCom 0.23745 0.934151 0.917175
Set10Learn 0.579142 0.893487 0.876782
fixedWindow 0.869904 0.872416 0.855888
lookAheadGreedyYield 0.85833 0.866572 0.850164
nextEvLexMin 0.863865 0.871434 0.854968
fairShare 0.807685 0.894468 0.878522
FCFS 0.33183 0.797656 0.783172
greedyYield 0.880936 0.882462 0.866159
greedyCom 0.482998 0.938297 0.921457
Set10Learn 0.678362 0.900112 0.883568
fixedWindow 0.880631 0.882166 0.86588
lookAheadGreedyYield 0.848699 0.888018 0.871744
nextEvLexMin 0.844025 0.889105 0.872873
fairShare 0.795401 0.889463 0.873125
FCFS 0.232226 0.779248 0.764667
greedyYield 0.879198 0.882152 0.865599
greedyCom 0.401357 0.929732 0.912611
Set10Learn 0.586061 0.896513 0.879526
fixedWindow 0.879516 0.882433 0.865882
lookAheadGreedyYield 0.869005 0.88684 0.870233
nextEvLexMin 0.877271 0.886355 0.869771
fairShare 0.804877 0.890505 0.874493
FCFS 0.296409 0.800072 0.785296
greedyYield 0.878567 0.880714 0.864347
greedyCom 0.282633 0.93495 0.918064
Set10Learn 0.577416 0.89568 0.879003
fixedWindow 0.878376 0.880538 0.864184
lookAheadGreedyYield 0.87572 0.880285 0.863928
nextEvLexMin 0.872588 0.880815 0.864496
fairShare 0.776089 0.887013 0.870864
FCFS 0.378924 0.767651 0.753104
greedyYield 0.869861 0.871469 0.855176
greedyCom 0.266393 0.937132 0.920214
Set10Learn 0.619384 0.898906 0.882326
fixedWindow 0.870053 0.871605 0.85532
lookAheadGreedyYield 0.854095 0.872289 0.856016
nextEvLexMin 0.860754 0.872268 0.856063
fairShare 0.786553 0.898598 0.882628
FCFS 0.499335 0.816233 0.80146
greedyYield 0.868995 0.871824 0.855554
greedyCom 0.420663 0.938394 0.921561
Set10Learn 0.618202 0.886995 0.870324
fixedWindow 0.86853 0.871369 0.855116
lookAheadGreedyYield 0.865266 0.87799 0.861709
nextEvLexMin 0.858093 0.879674 0.863398
fairShare 0.796356 0.890879 0.874741
FCFS 0.365423 0.779951 0.765205
greedyYield 0.871301 0.87372 0.857304
greedyCom 0.46165 0.93545 0.918531
Set10Learn 0.642143 0.887123 0.870441
fixedWindow 0.871253 0.873605 0.857204
lookAheadGreedyYield 0.84644 0.881181 0.864767
nextEvLexMin 0.841968 0.880773 0.864462
