fairShare 0.767003 0.866422 0.850178
FCFS 0.542786 0.810662 0.795377
greedyYield 0.853183 0.830529 0.813965
greedyCom 0.485481 0.913261 0.896479
Set10Learn 0.740092 0.86422 0.847488
fixedWindow 0.852901 0.829932 0.813424
lookAheadGreedyYield 0.840184 0.852056 0.835467
nextEvLexMin 0.840785 0.851768 0.835262
fairShare 0.79016 0.891289 0.875298
FCFS 0.563042 0.820482 0.805175
greedyYield 0.862519 0.84375 0.827551
greedyCom 0.56072 0.936158 0.919347
Set10Learn 0.735662 0.885728 0.869318
fixedWindow 0.862506 0.843595 0.827479
lookAheadGreedyYield 0.847815 0.871292 0.854902
nextEvLexMin 0.86209 0.863266 0.846959
fairShare 0.808363 0.900785 0.884836
FCFS 0.591428 0.800687 0.785945
greedyYield 0.867558 0.845728 0.829413
greedyCom 0.705947 0.946847 0.930081
Set10Learn 0.797854 0.891663 0.875065
fixedWindow 0.867647 0.845763 0.829513
lookAheadGreedyYield 0.859454 0.869109 0.852764
nextEvLexMin 0.860053 0.876739 0.860357
fairShare 0.772149 0.903743 0.887788
FCFS 0.582598 0.815018 0.80004
greedyYield 0.871472 0.844352 0.828061
greedyCom 0.544459 0.944798 0.928014
Set10Learn 0.778305 0.886922 0.870437
fixedWindow 0.871499 0.844358 0.828123
lookAheadGreedyYield 0.859553 0.864155 0.847827
nextEvLexMin 0.86013 0.864226 0.84795
fairShare 0.74411 0.894694 0.87895
FCFS 0.580304 0.79479 0.779893
greedyYield 0.856391 0.836392 0.820147
greedyCom 0.652115 0.945127 0.928377
Set10Learn 0.764692 0.901413 0.884914
fixedWindow 0.856183 0.835541 0.819403
lookAheadGreedyYield 0.846205 0.863316 0.846973
nextEvLexMin 0.84471 0.867009 0.850874
fairShare 0.786228 0.896744 0.881152
FCFS 0.587489 0.804915 0.78999
greedyYield 0.858763 0.852121 0.836056
greedyCom 0.649213 0.951428 0.934831
Set10Learn 0.774547 0.907665 0.891292
fixedWindow 0.858792 0.851021 0.835042
lookAheadGreedyYield 0.856489 0.86813 0.851955
nextEvLexMin 0.857185 0.869531 0.853376
fairShare 0.758504 0.891723 0.875871
FCFS 0.573691 0.80436 0.78958
greedyYield 0.861964 0.855164 0.838915
greedyCom 0.689585 0.944431 0.927626
Set10Learn 0.798178 0.900059 0.88352
fixedWindow 0.861964 0.855611 0.839428
lookAheadGreedyYield 0.861964 0.868918 0.852658
nextEvLexMin 0.861952 0.872841 0.856597
fairShare 0.822964 0.909753 0.893809
FCFS 0.580004 0.819346 0.805047
greedyYield 0.877827 0.873436 0.857106
greedyCom 0.647008 0.948799 0.932123
Set10Learn 0.821468 0.91101 0.894596
fixedWindow 0.874754 0.867405 0.8512
lookAheadGreedyYield 0.862421 0.888217 0.871968
nextEvLexMin 0.86169 0.894772 0.878508
fairShare 0.796376 0.900132 0.884241
FCFS 0.59272 0.829 0.814287
greedyYield 0.876539 0.858629 0.8422
greedyCom 0.647507 0.946504 0.929678
Set10Learn 0.735586 0.897903 0.88135
fixedWindow 0.87662 0.85872 0.842345
lookAheadGreedyYield 0.833702 0.867052 0.850663
nextEvLexMin 0.849671 0.866231 0.849978
fairShare 0.76854 0.896956 0.880848
FCFS 0.497022 0.791547 0.77649
greedyYield 0.856765 0.828237 0.811858
greedyCom 0.543769 0.941192 0.924337
Set10Learn 0.730202 0.881252 0.864569
fixedWindow 0.856807 0.82828 0.811953
lookAheadGreedyYield 0.832443 0.854097 0.83768
nextEvLexMin 0.85118 0.8531 0.836748
