fairShare 0.787436 0.8947 0.878242
FCFS 0.24302 0.759074 0.744868
greedyYield 0.876849 0.878988 0.862248
greedyCom 0.225132 0.938581 0.92135
Set10Learn 0.69618 0.905852 0.888803
fixedWindow 0.87698 0.879084 0.862346
lookAheadGreedyYield 0.87397 0.879244 0.862534
nextEvLexMin 0.870425 0.879437 0.862787
fairShare 0.770882 0.892064 0.876167
FCFS 0.271773 0.77336 0.758901
greedyYield 0.875652 0.879214 0.862855
greedyCom 0.408625 0.938969 0.922126
Set10Learn 0.599529 0.896501 0.879787
fixedWindow 0.875551 0.879013 0.862666
lookAheadGreedyYield 0.871653 0.884663 0.868343
nextEvLexMin 0.87156 0.886652 0.870369
fairShare 0.692258 0.888591 0.872345
FCFS 0.312492 0.747264 0.732971
greedyYield 0.860301 0.863574 0.847064
greedyCom 0.263809 0.942605 0.925506
Set10Learn 0.548819 0.882672 0.866029
fixedWindow 0.860353 0.863471 0.846969
lookAheadGreedyYield 0.850613 0.880245 0.863658
nextEvLexMin 0.849186 0.875707 0.859265
fairShare 0.808325 0.898245 0.882298
FCFS 0.262579 0.803449 0.788849
greedyYield 0.893174 0.895132 0.878661
greedyCom 0.536101 0.942517 0.925567
Set10Learn 0.653121 0.907339 0.890647
fixedWindow 0.892762 0.894768 0.878313
lookAheadGreedyYield 0.85334 0.898753 0.882333
nextEvLexMin 0.88283 0.89389 0.8776
fairShare 0.813045 0.908644 0.891934
FCFS 0.15294 0.769605 0.754918
greedyYield 0.886784 0.889153 0.872057
greedyCom 0.440644 0.945798 0.927962
Set10Learn 0.608432 0.901673 0.884265
fixedWindow 0.886758 0.889055 0.871976
lookAheadGreedyYield 0.883028 0.892828 0.875799
nextEvLexMin 0.857155 0.89094 0.874039
fairShare 0.805375 0.885705 0.869743
FCFS 0.311347 0.781822 0.767466
greedyYield 0.878559 0.881259 0.864991
greedyCom 0.432207 0.937032 0.920164
Set10Learn 0.618704 0.908293 0.891711
fixedWindow 0.878841 0.881503 0.865237
lookAheadGreedyYield 0.86824 0.881376 0.865134
nextEvLexMin 0.870748 0.878353 0.862224
fairShare 0.796216 0.889308 0.873254
FCFS 0.37907 0.781399 0.766908
greedyYield 0.87388 0.876618 0.860269
greedyCom 0.35241 0.938724 0.921839
Set10Learn 0.623389 0.880601 0.863881
fixedWindow 0.873996 0.876919 0.860571
lookAheadGreedyYield 0.820607 0.882025 0.86563
nextEvLexMin 0.815852 0.881647 0.865287
fairShare 0.798782 0.887562 0.871442
FCFS 0.271545 0.749773 0.73535
greedyYield 0.873306 0.876214 0.859683
greedyCom 0.381712 0.925915 0.90889
Set10Learn 0.627607 0.899255 0.882615
fixedWindow 0.87323 0.876124 0.859599
lookAheadGreedyYield 0.856966 0.88034 0.863772
nextEvLexMin 0.8475 0.884763 0.868245
fairShare 0.724081 0.879834 0.862896
FCFS 0.18603 0.791749 0.777112
greedyYield 0.874783 0.877098 0.85984
greedyCom 0.390655 0.937829 0.919779
Set10Learn 0.577625 0.898121 0.880309
fixedWindow 0.874879 0.877174 0.859916
lookAheadGreedyYield 0.842797 0.880942 0.863691
nextEvLexMin 0.847876 0.880512 0.86326
fairShare 0.806764 0.893699 0.877494
FCFS 0.224107 0.777968 0.763347
greedyYield 0.875033 0.876528 0.860035
greedyCom 0.535625 0.942054 0.924886
Set10Learn 0.621937 0.908387 0.891485
fixedWindow 0.875081 0.876606 0.860117
lookAheadGreedyYield 0.873505 0.879696 0.863181
nextEvLexMin 0.866977 0.878605 0.862188
