fairShare 0.793602 0.89432 0.878325
FCFS 0.446311 0.779784 0.765192
greedyYield 0.876208 0.878452 0.862195
greedyCom 0.424412 0.941093 0.924271
Set10Learn 0.64966 0.906009 0.889405
fixedWindow 0.875927 0.878162 0.86192
lookAheadGreedyYield 0.861337 0.881445 0.86516
nextEvLexMin 0.862175 0.881137 0.864888
fairShare 0.801961 0.89331 0.877115
FCFS 0.322682 0.780172 0.765468
greedyYield 0.87971 0.881828 0.865246
greedyCom 0.166115 0.932249 0.915344
Set10Learn 0.658204 0.892689 0.8759
fixedWindow 0.87969 0.881764 0.865191
lookAheadGreedyYield 0.871949 0.889002 0.872407
nextEvLexMin 0.864998 0.887469 0.870945
fairShare 0.815528 0.894614 0.87864
FCFS 0.492499 0.805635 0.790978
greedyYield 0.888841 0.890253 0.873922
greedyCom 0.441731 0.941467 0.924583
Set10Learn 0.738138 0.910792 0.89399
fixedWindow 0.888826 0.890209 0.87389
lookAheadGreedyYield 0.88447 0.892503 0.876131
nextEvLexMin 0.888273 0.891889 0.875549
fairShare 0.804477 0.891141 0.875037
FCFS 0.445673 0.805817 0.790886
greedyYield 0.887102 0.88896 0.872375
greedyCom 0.318538 0.935413 0.918544
Set10Learn 0.678748 0.894271 0.877442
fixedWindow 0.887516 0.889622 0.873049
lookAheadGreedyYield 0.882006 0.893428 0.876859
nextEvLexMin 0.874509 0.88971 0.873228
fairShare 0.824024 0.894921 0.878972
FCFS 0.450095 0.819209 0.804333
greedyYield 0.892672 0.893704 0.877379
greedyCom 0.507915 0.938178 0.92137
Set10Learn 0.639992 0.889798 0.873168
fixedWindow 0.892746 0.893787 0.87747
lookAheadGreedyYield 0.884488 0.895882 0.879559
nextEvLexMin 0.885364 0.892384 0.876128
fairShare 0.793174 0.889804 0.873738
FCFS 0.354856 0.783964 0.769314
greedyYield 0.884662 0.885955 0.869446
greedyCom 0.222845 0.932494 0.915572
Set10Learn 0.658979 0.896475 0.879714
fixedWindow 0.884714 0.885948 0.869451
lookAheadGreedyYield 0.879059 0.886047 0.869584
nextEvLexMin 0.873971 0.880959 0.864575
fairShare 0.795405 0.888928 0.872938
FCFS 0.342553 0.782828 0.768131
greedyYield 0.880484 0.882905 0.866493
greedyCom 0.394508 0.933359 0.916478
Set10Learn 0.692297 0.898855 0.882045
fixedWindow 0.880108 0.88246 0.866079
lookAheadGreedyYield 0.869766 0.881604 0.865229
nextEvLexMin 0.862998 0.881102 0.864804
fairShare 0.765013 0.883403 0.867332
FCFS 0.490353 0.79484 0.78017
greedyYield 0.876851 0.878101 0.861664
greedyCom 0.238828 0.934632 0.917791
Set10Learn 0.660637 0.891406 0.874721
fixedWindow 0.87684 0.878098 0.861678
lookAheadGreedyYield 0.868763 0.878089 0.861707
nextEvLexMin 0.871139 0.878302 0.861934
fairShare 0.793032 0.886376 0.870396
FCFS 0.478831 0.791044 0.776556
greedyYield 0.873206 0.875072 0.858735
greedyCom 0.426675 0.937079 0.920247
Set10Learn 0.699988 0.896861 0.880195
fixedWindow 0.87331 0.87518 0.858857
lookAheadGreedyYield 0.867869 0.880745 0.864404
nextEvLexMin 0.862578 0.882278 0.865978
fairShare 0.762076 0.895686 0.87969
FCFS 0.39387 0.753153 0.738588
greedyYield 0.870373 0.872567 0.856178
greedyCom 0.31251 0.944386 0.927588
Set10Learn 0.681751 0.899968 0.883364
fixedWindow 0.870195 0.872303 0.855932
lookAheadGreedyYield 0.850248 0.874367 0.858086
nextEvLexMin 0.852385 0.876864 0.860555
