fairShare 0.751995 0.874302 0.857996
FCFS 0.601833 0.767483 0.75256
greedyYield 0.86386 0.832128 0.815518
greedyCom 0.460564 0.921505 0.904589
Set10Learn 0.698467 0.865663 0.848855
fixedWindow 0.863958 0.832298 0.815777
lookAheadGreedyYield 0.865624 0.848605 0.831834
nextEvLexMin 0.865627 0.853754 0.836984
fairShare 0.765823 0.892893 0.876512
FCFS 0.549384 0.784105 0.769406
greedyYield 0.859485 0.82887 0.812273
greedyCom 0.628565 0.939121 0.921996
Set10Learn 0.716163 0.890311 0.873284
fixedWindow 0.859447 0.828789 0.812309
lookAheadGreedyYield 0.846974 0.841244 0.824621
nextEvLexMin 0.846081 0.847408 0.830836
fairShare 0.7434 0.872494 0.8559
FCFS 0.538547 0.785586 0.770561
greedyYield 0.857666 0.838223 0.821342
greedyCom 0.567894 0.93091 0.913591
Set10Learn 0.711733 0.882997 0.865872
fixedWindow 0.857666 0.838251 0.821399
lookAheadGreedyYield 0.856045 0.844779 0.827919
nextEvLexMin 0.857232 0.845073 0.828174
fairShare 0.756561 0.880736 0.864496
FCFS 0.553806 0.725879 0.710914
greedyYield 0.852668 0.811315 0.794789
greedyCom 0.468951 0.919349 0.902332
Set10Learn 0.687485 0.855203 0.838499
fixedWindow 0.8526 0.811157 0.794691
lookAheadGreedyYield 0.849607 0.819347 0.802835
nextEvLexMin 0.852209 0.826046 0.809506
fairShare 0.807685 0.893512 0.877498
FCFS 0.617189 0.789904 0.775475
greedyYield 0.868516 0.845535 0.829226
greedyCom 0.560927 0.935393 0.918547
Set10Learn 0.730313 0.895712 0.879114
fixedWindow 0.868268 0.845072 0.828801
lookAheadGreedyYield 0.860302 0.861224 0.844833
nextEvLexMin 0.861193 0.86549 0.849232
fairShare 0.795401 0.894834 0.878457
FCFS 0.557772 0.778588 0.764047
greedyYield 0.871692 0.864696 0.848141
greedyCom 0.542194 0.939294 0.922076
Set10Learn 0.771292 0.89706 0.88014
fixedWindow 0.871934 0.865571 0.849049
lookAheadGreedyYield 0.867741 0.876918 0.860181
nextEvLexMin 0.86756 0.878408 0.861723
fairShare 0.804877 0.884588 0.868481
FCFS 0.640045 0.781383 0.766534
greedyYield 0.870456 0.849317 0.832761
greedyCom 0.416813 0.926846 0.909897
Set10Learn 0.765665 0.876814 0.860059
fixedWindow 0.870623 0.849535 0.833008
lookAheadGreedyYield 0.869298 0.856385 0.839739
nextEvLexMin 0.869914 0.857166 0.840581
fairShare 0.776089 0.899916 0.883753
FCFS 0.62634 0.772895 0.758439
greedyYield 0.857492 0.844318 0.828209
greedyCom 0.673754 0.947078 0.930254
Set10Learn 0.758289 0.898427 0.881926
fixedWindow 0.857675 0.844698 0.828661
lookAheadGreedyYield 0.848065 0.850357 0.834198
nextEvLexMin 0.854 0.864597 0.848426
fairShare 0.786553 0.895988 0.879866
FCFS 0.644911 0.805862 0.790914
greedyYield 0.858327 0.823206 0.806811
greedyCom 0.566194 0.93569 0.918801
Set10Learn 0.723468 0.875284 0.858632
fixedWindow 0.85832 0.823126 0.80679
lookAheadGreedyYield 0.857919 0.837137 0.820677
nextEvLexMin 0.856826 0.849798 0.833375
fairShare 0.796356 0.884779 0.868297
FCFS 0.61122 0.765088 0.750091
greedyYield 0.856522 0.821573 0.805084
greedyCom 0.498316 0.925318 0.908369
Set10Learn 0.698718 0.875019 0.858193
fixedWindow 0.856518 0.82158 0.80514
lookAheadGreedyYield 0.831366 0.843929 0.827353
nextEvLexMin 0.822772 0.854628 0.838092
