fairShare 0.932687 0.967251 0.954216
FCFS 0.748566 0.863046 0.851069
greedyYield 0.956477 0.948483 0.935371
greedyCom 0.922285 0.987355 0.973984
Set10Learn 0.942829 0.967608 0.954396
fixedWindow 0.956537 0.948425 0.935336
lookAheadGreedyYield 0.956463 0.952667 0.939527
nextEvLexMin 0.955627 0.952337 0.93922
fairShare 0.943645 0.969113 0.956229
FCFS 0.806024 0.885043 0.872941
greedyYield 0.963089 0.962028 0.949002
greedyCom 0.929775 0.988079 0.974854
Set10Learn 0.950141 0.9746 0.961531
fixedWindow 0.962864 0.961347 0.948359
lookAheadGreedyYield 0.964045 0.964284 0.951228
nextEvLexMin 0.962613 0.962829 0.949817
fairShare 0.920802 0.968752 0.955836
FCFS 0.785425 0.893519 0.881555
greedyYield 0.957093 0.95499 0.94191
greedyCom 0.927786 0.988576 0.975315
Set10Learn 0.929352 0.97425 0.961048
fixedWindow 0.957631 0.955452 0.942393
lookAheadGreedyYield 0.957843 0.959243 0.946122
nextEvLexMin 0.955948 0.961022 0.947984
fairShare 0.930416 0.968131 0.955104
FCFS 0.71277 0.880743 0.868649
greedyYield 0.958728 0.959306 0.946108
greedyCom 0.933852 0.988579 0.975173
Set10Learn 0.939554 0.977242 0.963937
fixedWindow 0.958645 0.959055 0.945895
lookAheadGreedyYield 0.95849 0.960825 0.947622
nextEvLexMin 0.957026 0.959948 0.946818
fairShare 0.923126 0.962182 0.948749
FCFS 0.716456 0.876652 0.864657
greedyYield 0.959738 0.959052 0.945501
greedyCom 0.93369 0.987268 0.973412
Set10Learn 0.942582 0.971202 0.957588
fixedWindow 0.959727 0.958943 0.945409
lookAheadGreedyYield 0.958769 0.959705 0.946158
nextEvLexMin 0.957555 0.957787 0.94428
fairShare 0.940843 0.96761 0.954463
FCFS 0.735409 0.891263 0.879233
greedyYield 0.962128 0.965489 0.95223
greedyCom 0.943097 0.988184 0.974709
Set10Learn 0.950126 0.976431 0.963062
fixedWindow 0.961811 0.965054 0.95181
lookAheadGreedyYield 0.962556 0.966081 0.952787
nextEvLexMin 0.941607 0.96562 0.952369
fairShare 0.936151 0.967601 0.954563
FCFS 0.791182 0.884686 0.872815
greedyYield 0.96057 0.958431 0.945295
greedyCom 0.933752 0.987447 0.974075
Set10Learn 0.942462 0.973629 0.960421
fixedWindow 0.960352 0.957711 0.944605
lookAheadGreedyYield 0.95625 0.960315 0.94718
nextEvLexMin 0.958956 0.960977 0.947869
fairShare 0.917818 0.964911 0.951727
FCFS 0.712257 0.874399 0.86236
greedyYield 0.954644 0.949173 0.935921
greedyCom 0.917426 0.986729 0.97318
Set10Learn 0.941362 0.971279 0.957855
fixedWindow 0.954515 0.950105 0.936873
lookAheadGreedyYield 0.954289 0.951082 0.93782
nextEvLexMin 0.953678 0.952313 0.939083
fairShare 0.930618 0.967465 0.95448
FCFS 0.766269 0.879234 0.867172
greedyYield 0.960582 0.957025 0.943922
greedyCom 0.923189 0.987811 0.974468
Set10Learn 0.940965 0.971815 0.958634
fixedWindow 0.960488 0.956626 0.943557
lookAheadGreedyYield 0.961768 0.960003 0.946854
nextEvLexMin 0.958083 0.956733 0.943691
fairShare 0.93973 0.968333 0.955303
FCFS 0.725818 0.854844 0.842913
greedyYield 0.956244 0.949499 0.93634
greedyCom 0.935438 0.987602 0.974185
Set10Learn 0.933607 0.970537 0.957219
fixedWindow 0.955966 0.949153 0.936079
lookAheadGreedyYield 0.956883 0.953274 0.940145
nextEvLexMin 0.951981 0.950819 0.937734
