fairShare 0.918295 0.967914 0.950968
FCFS 0.346108 0.853012 0.840079
greedyYield 0.959605 0.961783 0.944735
greedyCom 0.918693 0.98683 0.969377
Set10Learn 0.91595 0.970745 0.953597
fixedWindow 0.959455 0.961612 0.944567
lookAheadGreedyYield 0.95854 0.963665 0.946612
nextEvLexMin 0.846934 0.958868 0.942337
fairShare 0.940401 0.967413 0.952837
FCFS 0.352069 0.886691 0.874395
greedyYield 0.969402 0.971008 0.956241
greedyCom 0.942318 0.988501 0.973453
Set10Learn 0.952787 0.97251 0.957701
fixedWindow 0.968896 0.970476 0.955721
lookAheadGreedyYield 0.970329 0.972554 0.957762
nextEvLexMin 0.837257 0.967914 0.953452
fairShare 0.934376 0.967909 0.954705
FCFS 0.524566 0.869621 0.857655
greedyYield 0.96578 0.967008 0.953721
greedyCom 0.945234 0.988078 0.974526
Set10Learn 0.920351 0.97479 0.961389
fixedWindow 0.965885 0.967005 0.953723
lookAheadGreedyYield 0.966478 0.970498 0.957178
nextEvLexMin 0.96354 0.966796 0.953522
fairShare 0.942133 0.968793 0.955688
FCFS 0.431128 0.880854 0.868923
greedyYield 0.966878 0.968295 0.955079
greedyCom 0.95112 0.988286 0.974893
Set10Learn 0.929483 0.976522 0.963241
fixedWindow 0.967026 0.968392 0.955186
lookAheadGreedyYield 0.969363 0.971442 0.95819
nextEvLexMin 0.961533 0.966308 0.953143
fairShare 0.903243 0.963827 0.950768
FCFS 0.481034 0.853235 0.841396
greedyYield 0.964028 0.965209 0.951959
greedyCom 0.915341 0.987288 0.973787
Set10Learn 0.933635 0.969947 0.956597
fixedWindow 0.964009 0.965191 0.951946
lookAheadGreedyYield 0.964764 0.966675 0.9534
nextEvLexMin 0.961635 0.964665 0.951437
fairShare 0.915459 0.965092 0.951972
FCFS 0.419834 0.84938 0.837578
greedyYield 0.952964 0.954209 0.941068
greedyCom 0.901997 0.986597 0.973068
Set10Learn 0.909817 0.973391 0.960026
fixedWindow 0.952882 0.954104 0.940967
lookAheadGreedyYield 0.957551 0.960361 0.947144
nextEvLexMin 0.951178 0.956088 0.94294
fairShare 0.939393 0.969634 0.95659
FCFS 0.599031 0.888552 0.876642
greedyYield 0.966374 0.967411 0.954262
greedyCom 0.932308 0.987951 0.974582
Set10Learn 0.928413 0.976993 0.963717
fixedWindow 0.966572 0.96788 0.95474
lookAheadGreedyYield 0.968087 0.970483 0.95729
nextEvLexMin 0.963316 0.965865 0.952752
fairShare 0.932383 0.967885 0.954877
FCFS 0.489918 0.895322 0.883249
greedyYield 0.965257 0.967446 0.954365
greedyCom 0.939368 0.988289 0.97494
Set10Learn 0.949127 0.977659 0.964429
fixedWindow 0.96546 0.967652 0.954574
lookAheadGreedyYield 0.966403 0.969364 0.956256
nextEvLexMin 0.965184 0.968859 0.955764
fairShare 0.917779 0.963339 0.950053
FCFS 0.549955 0.864906 0.853181
greedyYield 0.956214 0.958441 0.9451
greedyCom 0.921194 0.986669 0.973049
Set10Learn 0.902953 0.969734 0.956287
fixedWindow 0.956234 0.958473 0.945137
lookAheadGreedyYield 0.958867 0.963199 0.949813
nextEvLexMin 0.950493 0.960141 0.946817
fairShare 0.914341 0.967482 0.954677
FCFS 0.67071 0.885467 0.87369
greedyYield 0.956948 0.959095 0.946211
greedyCom 0.923188 0.988191 0.975048
Set10Learn 0.88598 0.972563 0.959563
fixedWindow 0.956603 0.95874 0.945877
lookAheadGreedyYield 0.958948 0.963138 0.950214
nextEvLexMin 0.954249 0.960804 0.947956
