fairShare 0.817592 0.9005 0.884518
FCFS 0.351257 0.805809 0.791109
greedyYield 0.880975 0.882438 0.866231
greedyCom 0.471333 0.938799 0.921878
Set10Learn 0.624662 0.907019 0.890391
fixedWindow 0.880868 0.882342 0.866145
lookAheadGreedyYield 0.878447 0.891277 0.874994
nextEvLexMin 0.875292 0.891212 0.874993
fairShare 0.787736 0.885987 0.869973
FCFS 0.388324 0.787439 0.772698
greedyYield 0.868965 0.872004 0.855613
greedyCom 0.441087 0.932533 0.915691
Set10Learn 0.596096 0.887596 0.870896
fixedWindow 0.869429 0.872606 0.856215
lookAheadGreedyYield 0.862564 0.878797 0.862389
nextEvLexMin 0.857196 0.879939 0.863536
fairShare 0.78754 0.889012 0.872843
FCFS 0.279106 0.783358 0.768936
greedyYield 0.881405 0.882894 0.86633
greedyCom 0.459663 0.938814 0.921815
Set10Learn 0.592811 0.902635 0.88579
fixedWindow 0.88137 0.882849 0.866293
lookAheadGreedyYield 0.876865 0.881053 0.864551
nextEvLexMin 0.821007 0.877329 0.860897
fairShare 0.799705 0.892591 0.876573
FCFS 0.350164 0.799417 0.784885
greedyYield 0.88917 0.891199 0.874718
greedyCom 0.337226 0.936242 0.919338
Set10Learn 0.621337 0.89952 0.88282
fixedWindow 0.889179 0.891083 0.874613
lookAheadGreedyYield 0.887841 0.893826 0.877337
nextEvLexMin 0.881541 0.89211 0.87568
fairShare 0.797889 0.885662 0.869616
FCFS 0.351609 0.782768 0.768248
greedyYield 0.87422 0.876148 0.859803
greedyCom 0.21864 0.937049 0.920082
Set10Learn 0.607471 0.8936 0.876923
fixedWindow 0.874187 0.876111 0.859773
lookAheadGreedyYield 0.800829 0.889311 0.872878
nextEvLexMin 0.801387 0.884561 0.868202
fairShare 0.818727 0.894974 0.879049
FCFS 0.365059 0.780691 0.766283
greedyYield 0.889183 0.891596 0.875262
greedyCom 0.540411 0.945201 0.928329
Set10Learn 0.637997 0.904656 0.888166
fixedWindow 0.889144 0.891548 0.875223
lookAheadGreedyYield 0.877421 0.894114 0.877823
nextEvLexMin 0.882173 0.891767 0.875537
fairShare 0.798536 0.900957 0.885002
FCFS 0.291169 0.814428 0.7998
greedyYield 0.886957 0.889705 0.873247
greedyCom 0.420702 0.937801 0.920816
Set10Learn 0.593269 0.903179 0.886435
fixedWindow 0.88678 0.889536 0.873091
lookAheadGreedyYield 0.877423 0.892003 0.87562
nextEvLexMin 0.874604 0.891592 0.875264
fairShare 0.794307 0.893647 0.877226
FCFS 0.221474 0.78514 0.770598
greedyYield 0.884374 0.886729 0.86992
greedyCom 0.276998 0.943236 0.925849
Set10Learn 0.547837 0.901576 0.884535
fixedWindow 0.884369 0.886781 0.869978
lookAheadGreedyYield 0.8353 0.893122 0.876328
nextEvLexMin 0.835289 0.891438 0.874715
fairShare 0.781073 0.89387 0.87769
FCFS 0.249021 0.768776 0.754217
greedyYield 0.87289 0.875547 0.85906
greedyCom 0.31144 0.939419 0.922363
Set10Learn 0.632064 0.88865 0.871887
fixedWindow 0.872493 0.875123 0.858648
lookAheadGreedyYield 0.865687 0.877783 0.861382
nextEvLexMin 0.859942 0.878687 0.862336
fairShare 0.806661 0.884321 0.868268
FCFS 0.381794 0.804381 0.789685
greedyYield 0.882726 0.884493 0.867971
greedyCom 0.103901 0.92499 0.908101
Set10Learn 0.604314 0.886814 0.870046
fixedWindow 0.882647 0.884431 0.867919
lookAheadGreedyYield 0.87205 0.885343 0.868902
nextEvLexMin 0.864573 0.885086 0.86874
